0 22.88 408.0 1.38191
0.1 22.88 408.0 1.38191
0.2 22.88 408.0 1.38191
0.30000000000000004 22.88 408.0 1.38191
0.4 22.87 400.0 1.38323
0.5 22.87 400.0 1.38323
0.6 22.87 400.0 1.38323
0.7 22.87 400.0 1.38323
0.7999999999999999 22.87 400.0 1.38323
0.8999999999999999 22.87 400.0 1.38323
0.9999999999999999 22.87 400.0 1.38323
1.0999999999999999 22.87 400.0 1.38323
1.2 22.87 400.0 1.38317
1.3 22.88 400.0 1.38317
1.4000000000000001 22.88 444.0 1.38317
1.5000000000000002 22.88 444.0 1.38317
1.6000000000000003 22.88 444.0 1.38317
1.7000000000000004 22.88 444.0 1.38317
1.8000000000000005 22.88 444.0 1.38317
1.9000000000000006 22.88 444.0 1.38317
2.0000000000000004 22.88 444.0 1.38317
2.1000000000000005 22.88 444.0 1.38317
2.2000000000000006 23.24 444.0 1.38317
2.3000000000000007 23.24 444.0 1.38317
2.400000000000001 23.24 530.0 1.38318
2.500000000000001 23.24 530.0 1.38318
2.600000000000001 23.24 530.0 1.38318
2.700000000000001 23.24 530.0 1.38318
2.800000000000001 23.45 530.0 1.38318
2.9000000000000012 23.45 530.0 1.38318
3.0000000000000013 23.45 530.0 1.38318
3.1000000000000014 23.45 530.0 1.38318
3.2000000000000015 23.45 530.0 1.38318
3.3000000000000016 23.45 641.0 1.38272
3.4000000000000017 23.45 641.0 1.38272
3.5000000000000018 23.45 641.0 1.38272
3.600000000000002 23.45 641.0 1.38272
3.700000000000002 23.45 641.0 1.38272
3.800000000000002 23.35 641.0 1.38272
3.900000000000002 23.35 641.0 1.38272
4.000000000000002 23.35 641.0 1.38272
4.100000000000001 23.35 641.0 1.38272
4.200000000000001 23.35 641.0 1.38272
4.300000000000001 23.35 641.0 1.38272
4.4 23.35 641.0 1.38272
4.5 23.35 623.0 1.35469
4.6 23.35 623.0 1.35469
4.699999999999999 23.35 623.0 1.35469
4.799999999999999 23.35 623.0 1.35469
4.899999999999999 23.35 623.0 1.35469
4.999999999999998 23.24 623.0 1.35469
5.099999999999998 23.24 623.0 1.35469
5.1999999999999975 23.24 623.0 1.35469
5.299999999999997 23.24 623.0 1.35263
5.399999999999997 23.24 623.0 1.35263
5.4999999999999964 23.24 623.0 1.35263
5.599999999999996 23.24 623.0 1.35263
5.699999999999996 23.24 672.0 1.35263
5.799999999999995 23.24 672.0 1.35263
5.899999999999995 23.24 672.0 1.35263
5.999999999999995 23.24 672.0 1.35263
6.099999999999994 23.24 672.0 1.35263
6.199999999999994 23.86 672.0 1.35263
6.299999999999994 23.86 672.0 1.35263
6.399999999999993 23.86 672.0 1.35263
6.499999999999993 23.86 672.0 1.35263
6.5999999999999925 23.86 672.0 1.38428
6.699999999999992 23.86 672.0 1.38428
6.799999999999992 23.86 672.0 1.38428
6.8999999999999915 23.86 813.0 1.38428
6.999999999999991 23.86 813.0 1.38428
7.099999999999991 23.86 813.0 1.38428
7.19999999999999 23.86 813.0 1.38428
7.29999999999999 23.86 813.0 1.38428
7.39999999999999 24.09 813.0 1.38349
7.499999999999989 24.09 813.0 1.38349
7.599999999999989 24.09 813.0 1.38349
7.699999999999989 24.09 813.0 1.38349
7.799999999999988 24.09 813.0 1.38349
7.899999999999988 24.09 813.0 1.38349
7.999999999999988 24.09 776.0 1.38349
8.099999999999987 24.09 776.0 1.38349
8.199999999999987 24.09 776.0 1.35482
8.299999999999986 24.02 776.0 1.35482
8.399999999999986 24.02 733.0 1.35482
8.499999999999986 24.02 733.0 1.35482
8.599999999999985 24.02 733.0 1.35482
8.699999999999985 24.02 733.0 1.35482
8.799999999999985 24.01 733.0 1.35482
8.899999999999984 24.01 726.0 1.35482
8.999999999999984 24.01 726.0 1.35482
9.099999999999984 24.01 726.0 1.35482
9.199999999999983 24.01 726.0 1.35482
9.299999999999983 24.01 726.0 1.35482
9.399999999999983 24.01 726.0 1.35482
9.499999999999982 24.19 726.0 1.36464
9.599999999999982 24.19 726.0 1.36464
9.699999999999982 24.19 726.0 1.36464
9.799999999999981 24.19 726.0 1.36464
9.89999999999998 24.19 726.0 1.36464
9.99999999999998 24.19 726.0 1.36464
10.09999999999998 24.19 726.0 1.36464
10.19999999999998 24.19 813.0 1.36464
10.29999999999998 24.19 813.0 1.38588
10.399999999999979 24.19 813.0 1.38588
10.499999999999979 24.19 813.0 1.38588
10.599999999999978 24.19 813.0 1.38588
10.699999999999978 24.19 813.0 1.38588
10.799999999999978 24.19 813.0 1.38588
10.899999999999977 25.69 813.0 1.38588
10.999999999999977 25.69 813.0 1.38588
11.099999999999977 25.69 804.0 1.38588
11.199999999999976 25.69 804.0 1.38588
11.299999999999976 25.69 804.0 1.38588
11.399999999999975 25.69 804.0 1.38588
11.499999999999975 25.43 804.0 1.38239
11.599999999999975 25.43 804.0 1.38239
11.699999999999974 25.43 804.0 1.38239
11.799999999999974 25.43 804.0 1.38239
11.899999999999974 25.43 776.0 1.38239
11.999999999999973 25.43 776.0 1.38239
12.099999999999973 25.43 776.0 1.38239
12.199999999999973 25.33 776.0 1.38239
12.299999999999972 25.33 733.0 1.35559
12.399999999999972 25.33 733.0 1.35559
12.499999999999972 25.33 733.0 1.35559
12.599999999999971 25.33 733.0 1.35559
12.69999999999997 25.33 733.0 1.35559
12.79999999999997 25.23 733.0 1.35559
12.89999999999997 25.23 733.0 1.35559
12.99999999999997 25.23 733.0 1.35559
13.09999999999997 25.23 733.0 1.35559
13.199999999999969 25.23 634.0 1.35559
13.299999999999969 25.23 634.0 1.35559
13.399999999999968 25.23 634.0 1.35559
13.499999999999968 25.23 634.0 1.37114
13.599999999999968 25.23 634.0 1.37114
13.699999999999967 25.23 634.0 1.37114
13.799999999999967 25.23 634.0 1.37114
13.899999999999967 25.29 697.0 1.37114
13.999999999999966 25.29 697.0 1.37114
14.099999999999966 25.29 697.0 1.37114
14.199999999999966 25.29 697.0 1.37114
14.299999999999965 25.29 697.0 1.38534
14.399999999999965 25.58 697.0 1.38534
14.499999999999964 25.58 697.0 1.38534
14.599999999999964 25.58 697.0 1.38534
14.699999999999964 25.58 740.0 1.38534
14.799999999999963 25.58 740.0 1.38534
14.899999999999963 25.58 740.0 1.38534
14.999999999999963 25.58 740.0 1.38534
15.099999999999962 25.48 704.0 1.38534
15.199999999999962 25.48 704.0 1.38534
15.299999999999962 25.48 704.0 1.38534
15.399999999999961 25.48 704.0 1.38534
15.499999999999961 25.48 704.0 1.37772
15.59999999999996 25.36 649.0 1.37772
15.69999999999996 25.36 649.0 1.37772
15.79999999999996 25.36 649.0 1.37772
15.89999999999996 25.36 649.0 1.37772
15.99999999999996 25.36 649.0 1.37772
16.09999999999996 25.36 649.0 1.37772
16.19999999999996 25.3 649.0 1.37772
16.29999999999996 25.3 649.0 1.35423
16.399999999999963 25.3 649.0 1.35423
16.499999999999964 25.3 649.0 1.35423
16.599999999999966 25.3 614.0 1.35423
16.699999999999967 25.3 614.0 1.35423
16.79999999999997 25.3 614.0 1.35423
16.89999999999997 25.3 614.0 1.35423
16.99999999999997 25.3 614.0 1.35423
17.099999999999973 25.24 605.0 1.35423
17.199999999999974 25.24 605.0 1.35423
17.299999999999976 25.24 605.0 1.35423
17.399999999999977 25.24 605.0 1.35423
17.49999999999998 25.45 605.0 1.37802
17.59999999999998 25.45 623.0 1.37802
17.69999999999998 25.45 623.0 1.37802
17.799999999999983 25.45 623.0 1.37802
17.899999999999984 25.45 623.0 1.37802
17.999999999999986 25.72 623.0 1.37802
18.099999999999987 25.72 614.0 1.37802
18.19999999999999 25.72 614.0 1.37802
18.29999999999999 25.72 614.0 1.38661
18.39999999999999 25.72 614.0 1.38661
18.499999999999993 25.72 614.0 1.38661
18.599999999999994 25.89 614.0 1.38661
18.699999999999996 25.89 614.0 1.38661
18.799999999999997 25.89 614.0 1.38661
18.9 25.89 614.0 1.38661
19.0 25.89 578.0 1.38661
19.1 25.89 578.0 1.38661
19.200000000000003 25.89 578.0 1.38661
19.300000000000004 25.89 578.0 1.38661
19.400000000000006 25.66 578.0 1.38661
19.500000000000007 25.66 560.0 1.38661
19.60000000000001 25.66 560.0 1.36736
19.70000000000001 25.66 560.0 1.36736
19.80000000000001 25.66 560.0 1.36736
19.900000000000013 25.66 560.0 1.36736
20.000000000000014 25.66 560.0 1.36736
20.100000000000016 25.66 560.0 1.36736
20.200000000000017 25.53 560.0 1.36736
20.30000000000002 25.53 560.0 1.35693
20.40000000000002 25.53 560.0 1.35693
20.50000000000002 25.53 560.0 1.35693
20.600000000000023 25.53 560.0 1.35693
20.700000000000024 25.53 503.0 1.35693
20.800000000000026 25.53 503.0 1.35693
20.900000000000027 25.42 503.0 1.35693
21.00000000000003 25.42 498.0 1.35693
21.10000000000003 25.42 498.0 1.35693
21.20000000000003 25.42 498.0 1.35693
21.300000000000033 25.42 498.0 1.35693
21.400000000000034 25.42 498.0 1.35693
21.500000000000036 25.44 498.0 1.3875
21.600000000000037 25.44 498.0 1.3875
21.70000000000004 25.44 498.0 1.3875
21.80000000000004 25.44 498.0 1.3875
21.90000000000004 25.44 498.0 1.3875
22.000000000000043 25.44 498.0 1.3875
22.100000000000044 25.44 498.0 1.3875
22.200000000000045 25.44 498.0 1.3875
22.300000000000047 25.44 498.0 1.3875
22.40000000000005 25.47 498.0 1.38475
22.50000000000005 25.47 498.0 1.38475
22.60000000000005 25.47 498.0 1.38475
22.700000000000053 25.47 498.0 1.38475
22.800000000000054 25.47 498.0 1.38475
22.900000000000055 25.47 498.0 1.38475
23.000000000000057 25.47 498.0 1.38475
23.10000000000006 25.47 462.0 1.38475
23.20000000000006 25.47 462.0 1.36591
23.30000000000006 25.47 462.0 1.36591
23.400000000000063 25.47 462.0 1.36591
23.500000000000064 25.28 462.0 1.36591
23.600000000000065 25.28 462.0 1.36591
23.700000000000067 25.28 439.0 1.36591
23.800000000000068 25.28 439.0 1.36591
23.90000000000007 25.28 439.0 1.36591
24.00000000000007 25.28 439.0 1.36591
24.100000000000072 25.28 439.0 1.36591
24.200000000000074 25.28 439.0 1.36591
24.300000000000075 25.28 439.0 1.36591
24.400000000000077 25.28 417.0 1.36082
24.500000000000078 25.28 417.0 1.36082
24.60000000000008 25.28 417.0 1.36082
24.70000000000008 25.28 417.0 1.36082
24.800000000000082 25.28 417.0 1.36082
24.900000000000084 25.28 417.0 1.36082
25.000000000000085 25.28 417.0 1.36082
25.100000000000087 25.24 417.0 1.36082
25.200000000000088 25.24 417.0 1.38779
25.30000000000009 25.24 417.0 1.38779
25.40000000000009 25.24 462.0 1.38779
25.500000000000092 25.24 462.0 1.38779
25.600000000000094 25.24 462.0 1.38779
25.700000000000095 25.24 462.0 1.38779
25.800000000000097 25.24 462.0 1.38779
25.900000000000098 25.37 462.0 1.38779
26.0000000000001 25.37 462.0 1.38779
26.1000000000001 25.37 462.0 1.38779
26.200000000000102 25.37 462.0 1.38779
26.300000000000104 25.37 462.0 1.38779
26.400000000000105 25.37 462.0 1.38779
26.500000000000107 25.37 462.0 1.38424
26.600000000000108 25.37 462.0 1.38424
26.70000000000011 25.37 462.0 1.38424
26.80000000000011 25.37 452.0 1.38424
26.900000000000112 25.37 452.0 1.38424
27.000000000000114 25.37 452.0 1.38424
27.100000000000115 25.37 452.0 1.38424
27.200000000000117 25.37 452.0 1.38424
27.300000000000118 25.37 452.0 1.35892
27.40000000000012 25.37 452.0 1.35892
27.50000000000012 25.37 452.0 1.35892
27.600000000000122 25.24 452.0 1.35892
27.700000000000124 25.24 452.0 1.35892
27.800000000000125 25.24 452.0 1.35892
27.900000000000126 25.24 452.0 1.35892
28.000000000000128 25.24 439.0 1.35892
28.10000000000013 25.24 439.0 1.35892
28.20000000000013 25.24 439.0 1.35892
28.300000000000132 25.24 439.0 1.35892
28.400000000000134 25.24 439.0 1.35892
28.500000000000135 25.24 439.0 1.38012
28.600000000000136 25.44 439.0 1.38012
28.700000000000138 25.44 439.0 1.38012
28.80000000000014 25.44 405.0 1.38012
28.90000000000014 25.44 405.0 1.38012
29.000000000000142 25.44 405.0 1.38012
29.100000000000144 25.44 405.0 1.38012
29.200000000000145 25.75 405.0 1.38012
29.300000000000146 25.75 405.0 1.38773
29.400000000000148 25.75 405.0 1.38773
29.50000000000015 25.75 443.0 1.38773
29.60000000000015 25.75 443.0 1.38773
29.700000000000152 25.75 443.0 1.38773
29.800000000000153 25.75 443.0 1.38773
29.900000000000155 25.75 443.0 1.38773
30.000000000000156 25.79 443.0 1.38773
30.100000000000158 25.79 443.0 1.38773
30.20000000000016 25.79 443.0 1.38773
30.30000000000016 25.79 443.0 1.38773
30.400000000000162 25.79 443.0 1.38773
30.500000000000163 25.79 443.0 1.36915
30.600000000000165 25.79 400.0 1.36915
30.700000000000166 25.79 400.0 1.36915
30.800000000000168 25.79 400.0 1.36915
30.90000000000017 25.79 400.0 1.36915
31.00000000000017 25.6 400.0 1.36915
31.100000000000172 25.6 400.0 1.36915
31.200000000000173 25.6 400.0 1.36915
31.300000000000175 25.6 400.0 1.35627
31.400000000000176 25.6 414.0 1.35627
31.500000000000178 25.6 414.0 1.35627
31.60000000000018 25.6 414.0 1.35627
31.70000000000018 25.6 414.0 1.35627
31.800000000000182 25.6 414.0 1.35627
31.900000000000183 25.6 414.0 1.35627
32.000000000000185 25.48 414.0 1.35627
32.100000000000186 25.48 406.0 1.35627
32.20000000000019 25.48 406.0 1.35627
32.30000000000019 25.48 406.0 1.35627
32.40000000000019 25.48 406.0 1.35627
32.50000000000019 25.48 406.0 1.35627
32.60000000000019 25.48 406.0 1.38782
32.700000000000195 25.48 406.0 1.38782
32.800000000000196 25.48 406.0 1.38782
32.9000000000002 25.83 406.0 1.38782
33.0000000000002 25.83 406.0 1.38782
33.1000000000002 25.83 434.0 1.38782
33.2000000000002 25.83 434.0 1.38782
33.3000000000002 25.83 434.0 1.38782
33.400000000000205 25.83 434.0 1.38542
33.500000000000206 25.83 434.0 1.38542
33.60000000000021 25.8 434.0 1.38542
33.70000000000021 25.8 434.0 1.38542
33.80000000000021 25.8 434.0 1.38542
33.90000000000021 25.8 434.0 1.38542
34.00000000000021 25.8 434.0 1.38542
34.100000000000215 25.8 434.0 1.38542
34.200000000000216 25.8 415.0 1.38542
34.30000000000022 25.8 415.0 1.38542
34.40000000000022 25.8 415.0 1.38542
34.50000000000022 25.66 403.0 1.38542
34.60000000000022 25.66 403.0 1.35941
34.70000000000022 25.66 403.0 1.35941
34.800000000000225 25.66 403.0 1.35941
34.900000000000226 25.66 403.0 1.35941
35.00000000000023 25.59 403.0 1.35941
35.10000000000023 25.59 403.0 1.35941
35.20000000000023 25.59 403.0 1.35941
35.30000000000023 25.59 403.0 1.35941
35.40000000000023 25.59 418.0 1.37555
35.500000000000234 25.59 418.0 1.37555
35.600000000000236 25.59 418.0 1.37555
35.70000000000024 25.53 418.0 1.37555
35.80000000000024 25.53 415.0 1.37555
35.90000000000024 25.53 415.0 1.37555
36.00000000000024 25.53 415.0 1.37555
36.10000000000024 25.53 415.0 1.37555
36.200000000000244 25.53 415.0 1.37555
36.300000000000246 25.53 415.0 1.37555
36.40000000000025 25.53 415.0 1.37555
36.50000000000025 25.53 415.0 1.37555
36.60000000000025 25.53 415.0 1.3885
36.70000000000025 25.53 415.0 1.3885
36.80000000000025 25.94 415.0 1.3885
36.900000000000254 25.94 415.0 1.3885
37.000000000000256 25.94 444.0 1.3885
37.10000000000026 25.94 444.0 1.3885
37.20000000000026 25.94 444.0 1.3885
37.30000000000026 25.94 444.0 1.3885
37.40000000000026 25.94 444.0 1.37579
37.50000000000026 25.94 444.0 1.37579
37.600000000000264 25.94 444.0 1.37579
37.700000000000266 25.79 444.0 1.37579
37.80000000000027 25.79 444.0 1.37579
37.90000000000027 25.79 418.0 1.37579
38.00000000000027 25.79 418.0 1.37579
38.10000000000027 25.79 418.0 1.37579
38.20000000000027 25.79 418.0 1.37579
38.300000000000274 25.79 418.0 1.37579
38.400000000000276 25.79 418.0 1.37579
38.50000000000028 25.79 418.0 1.37579
38.60000000000028 25.71 418.0 1.35755
38.70000000000028 25.71 418.0 1.35755
38.80000000000028 25.71 418.0 1.35755
38.90000000000028 25.71 418.0 1.35755
39.000000000000284 25.71 418.0 1.35755
39.100000000000286 25.71 418.0 1.35755
39.20000000000029 25.71 418.0 1.35755
39.30000000000029 25.71 418.0 1.35755
39.40000000000029 25.71 415.0 1.38935
39.50000000000029 25.71 415.0 1.38935
39.60000000000029 25.71 415.0 1.38935
39.700000000000294 25.71 415.0 1.38935
39.800000000000296 25.71 415.0 1.38935
39.9000000000003 25.71 415.0 1.38935
40.0000000000003 25.71 415.0 1.38935
40.1000000000003 25.71 415.0 1.38935
40.2000000000003 25.71 415.0 1.38935
40.3000000000003 25.71 415.0 1.38654
40.400000000000304 25.82 415.0 1.38654
40.500000000000306 25.82 415.0 1.38654
40.60000000000031 25.82 446.0 1.38654
40.70000000000031 25.82 446.0 1.38654
40.80000000000031 25.82 446.0 1.38654
40.90000000000031 25.82 446.0 1.38654
41.00000000000031 25.82 446.0 1.38654
41.100000000000314 25.76 446.0 1.38654
41.200000000000315 25.76 446.0 1.38654
41.30000000000032 25.76 446.0 1.38654
41.40000000000032 25.76 446.0 1.38654
41.50000000000032 25.76 446.0 1.35783
41.60000000000032 25.76 446.0 1.35783
41.70000000000032 25.76 426.0 1.35783
41.800000000000324 25.76 426.0 1.35783
41.900000000000325 25.76 426.0 1.35783
42.00000000000033 25.76 426.0 1.35783
42.10000000000033 25.65 426.0 1.35783
42.20000000000033 25.65 426.0 1.35783
42.30000000000033 25.65 426.0 1.37304
42.40000000000033 25.65 426.0 1.37304
42.500000000000334 25.65 426.0 1.37304
42.600000000000335 25.65 426.0 1.37304
42.70000000000034 25.65 426.0 1.37304
42.80000000000034 25.65 426.0 1.37304
42.90000000000034 25.65 426.0 1.37304
43.00000000000034 25.65 426.0 1.37304
43.10000000000034 26.08 426.0 1.37304
43.200000000000344 26.08 438.0 1.37304
43.300000000000345 26.08 438.0 1.37304
43.40000000000035 26.08 438.0 1.37304
43.50000000000035 26.08 438.0 1.38895
43.60000000000035 26.45 438.0 1.38895
43.70000000000035 26.45 470.0 1.38895
43.80000000000035 26.45 470.0 1.38895
43.900000000000354 26.45 470.0 1.38895
44.000000000000355 26.45 470.0 1.38895
44.10000000000036 26.45 470.0 1.38895
44.20000000000036 26.45 470.0 1.38895
44.30000000000036 26.45 470.0 1.36786
44.40000000000036 26.34 470.0 1.36786
44.50000000000036 26.34 470.0 1.36786
44.600000000000364 26.34 470.0 1.36786
44.700000000000365 26.34 470.0 1.36786
44.80000000000037 26.34 470.0 1.36786
44.90000000000037 26.34 470.0 1.36786
45.00000000000037 26.34 470.0 1.36786
45.10000000000037 26.34 470.0 1.36786
45.20000000000037 26.34 470.0 1.36786
45.300000000000374 26.34 470.0 1.36786
45.400000000000375 26.34 400.0 1.36786
45.50000000000038 26.34 400.0 1.35475
45.60000000000038 26.34 400.0 1.35475
45.70000000000038 26.34 400.0 1.35475
45.80000000000038 26.34 400.0 1.35475
45.90000000000038 26.34 400.0 1.35475
46.000000000000384 26.34 400.0 1.35475
46.100000000000385 26.19 400.0 1.35475
46.20000000000039 26.19 400.0 1.35475
46.30000000000039 26.19 400.0 1.35475
46.40000000000039 26.19 400.0 1.38824
46.50000000000039 26.19 432.0 1.38824
46.60000000000039 26.19 432.0 1.38824
46.700000000000394 26.19 432.0 1.38824
46.800000000000395 26.67 438.0 1.38824
46.9000000000004 26.67 438.0 1.38824
47.0000000000004 26.67 438.0 1.38824
47.1000000000004 26.67 438.0 1.38824
47.2000000000004 26.67 438.0 1.38824
47.3000000000004 26.67 438.0 1.38824
47.400000000000404 26.67 438.0 1.38824
47.500000000000405 26.79 438.0 1.38824
47.600000000000406 26.79 459.0 1.38752
47.70000000000041 26.79 459.0 1.38752
47.80000000000041 26.79 459.0 1.38752
47.90000000000041 26.79 459.0 1.38752
48.00000000000041 26.63 459.0 1.38752
48.10000000000041 26.63 459.0 1.38752
48.200000000000415 26.63 459.0 1.38752
48.300000000000416 26.63 443.0 1.38752
48.40000000000042 26.63 443.0 1.35647
48.50000000000042 26.63 443.0 1.35647
48.60000000000042 26.63 443.0 1.35647
48.70000000000042 26.63 443.0 1.35647
48.80000000000042 26.53 443.0 1.35647
48.900000000000425 26.53 443.0 1.35647
49.000000000000426 26.53 418.0 1.35647
49.10000000000043 26.53 418.0 1.35647
49.20000000000043 26.53 418.0 1.35647
49.30000000000043 26.53 418.0 1.35647
49.40000000000043 26.53 418.0 1.35647
49.50000000000043 26.53 418.0 1.35647
49.600000000000435 26.53 418.0 1.37829
49.700000000000436 26.67 418.0 1.37829
49.80000000000044 26.67 418.0 1.37829
49.90000000000044 26.67 418.0 1.37829
50.00000000000044 26.67 456.0 1.37829
50.10000000000044 26.67 456.0 1.37829
50.20000000000044 26.67 456.0 1.37829
50.300000000000445 26.67 456.0 1.37829
50.400000000000446 27.01 456.0 1.38938
50.50000000000045 27.01 493.0 1.38938
50.60000000000045 27.01 493.0 1.38938
50.70000000000045 27.01 493.0 1.38938
50.80000000000045 27.01 493.0 1.38938
50.90000000000045 27.02 487.0 1.38938
51.000000000000455 27.02 487.0 1.38938
51.100000000000456 27.02 487.0 1.38938
51.20000000000046 27.02 487.0 1.3672
51.30000000000046 27.02 487.0 1.3672
51.40000000000046 27.02 487.0 1.3672
51.50000000000046 26.87 487.0 1.3672
51.60000000000046 26.87 487.0 1.3672
51.700000000000465 26.87 445.0 1.3672
51.800000000000466 26.87 445.0 1.3672
51.90000000000047 26.87 445.0 1.3672
52.00000000000047 26.87 445.0 1.3672
52.10000000000047 26.72 445.0 1.3672
52.20000000000047 26.72 406.0 1.3672
52.30000000000047 26.72 406.0 1.3672
52.400000000000475 26.72 406.0 1.35348
52.500000000000476 26.72 406.0 1.35348
52.60000000000048 26.72 406.0 1.35348
52.70000000000048 26.66 406.0 1.35348
52.80000000000048 26.66 406.0 1.35348
52.90000000000048 26.66 400.0 1.35348
53.00000000000048 26.66 400.0 1.35348
53.100000000000485 26.66 400.0 1.35348
53.200000000000486 26.66 400.0 1.38912
53.30000000000049 26.66 400.0 1.38912
53.40000000000049 26.84 400.0 1.38912
53.50000000000049 26.84 400.0 1.38912
53.60000000000049 26.84 400.0 1.38912
53.70000000000049 26.84 400.0 1.38912
53.800000000000495 26.84 400.0 1.38912
53.900000000000496 26.84 400.0 1.38912
54.0000000000005 26.84 426.0 1.38912
54.1000000000005 26.84 426.0 1.38912
54.2000000000005 26.84 426.0 1.38912
54.3000000000005 26.84 426.0 1.38912
54.4000000000005 27.07 426.0 1.38627
54.500000000000504 27.07 426.0 1.38627
54.600000000000506 27.07 426.0 1.38627
54.70000000000051 27.07 426.0 1.38627
54.80000000000051 27.07 459.0 1.38627
54.90000000000051 27.07 459.0 1.38627
55.00000000000051 27.07 459.0 1.38627
55.10000000000051 27.07 459.0 1.38627
55.200000000000514 27.07 459.0 1.35698
55.300000000000516 27.07 459.0 1.35698
55.40000000000052 26.82 459.0 1.35698
55.50000000000052 26.82 459.0 1.35698
55.60000000000052 26.82 421.0 1.35698
55.70000000000052 26.82 421.0 1.35698
55.80000000000052 26.82 421.0 1.35698
55.900000000000524 26.82 421.0 1.35698
56.000000000000526 26.82 421.0 1.35698
56.10000000000053 26.69 421.0 1.35698
56.20000000000053 26.69 421.0 1.35698
56.30000000000053 26.69 421.0 1.35698
56.40000000000053 26.69 421.0 1.35698
56.50000000000053 26.69 421.0 1.36312
56.600000000000534 26.69 405.0 1.36312
56.700000000000536 26.69 405.0 1.36312
56.80000000000054 26.69 405.0 1.36312
56.90000000000054 26.97 405.0 1.36312
57.00000000000054 26.97 413.0 1.36312
57.10000000000054 26.97 413.0 1.36312
57.20000000000054 26.97 413.0 1.36312
57.300000000000544 26.97 413.0 1.38915
57.400000000000546 26.97 413.0 1.38915
57.50000000000055 27.2 413.0 1.38915
57.60000000000055 27.2 413.0 1.38915
57.70000000000055 27.2 413.0 1.38915
57.80000000000055 27.2 413.0 1.38915
57.90000000000055 27.2 413.0 1.38915
58.000000000000554 27.2 413.0 1.38915
58.100000000000556 27.14 413.0 1.38915
58.20000000000056 27.14 424.0 1.38915
58.30000000000056 27.14 424.0 1.38915
58.40000000000056 27.14 424.0 1.38915
58.50000000000056 27.14 424.0 1.37295
58.60000000000056 27.14 424.0 1.37295
58.700000000000564 27.04 424.0 1.37295
58.800000000000566 27.04 424.0 1.37295
58.90000000000057 27.04 424.0 1.37295
59.00000000000057 27.04 400.0 1.37295
59.10000000000057 27.04 400.0 1.37295
59.20000000000057 27.04 400.0 1.37295
59.30000000000057 27.04 400.0 1.35402
59.400000000000574 26.95 400.0 1.35402
59.500000000000576 26.95 400.0 1.35402
59.60000000000058 26.95 400.0 1.35402
59.70000000000058 26.95 400.0 1.35402
59.80000000000058 26.95 400.0 1.35402
59.90000000000058 26.95 400.0 1.35402
