0 23.74 400.0 1.38672
0.1 23.76 400.0 1.38672
0.2 23.76 400.0 1.38672
0.30000000000000004 23.76 400.0 1.38672
0.4 23.76 400.0 1.38672
0.5 23.76 400.0 1.38672
0.6 23.76 400.0 1.38672
0.7 23.76 400.0 1.38687
0.7999999999999999 23.76 400.0 1.38687
0.8999999999999999 23.76 400.0 1.38687
0.9999999999999999 23.76 400.0 1.38687
1.0999999999999999 23.76 400.0 1.38687
1.2 23.76 425.0 1.38687
1.3 23.76 425.0 1.38687
1.4000000000000001 23.76 425.0 1.38687
1.5000000000000002 23.76 425.0 1.38688
1.6000000000000003 23.76 425.0 1.38688
1.7000000000000004 23.76 425.0 1.38688
1.8000000000000005 23.76 425.0 1.38688
1.9000000000000006 23.76 425.0 1.38688
2.0000000000000004 23.76 417.0 1.38688
2.1000000000000005 23.76 417.0 1.38688
2.2000000000000006 23.76 417.0 1.38688
2.3000000000000007 23.76 417.0 1.38656
2.400000000000001 23.76 417.0 1.38656
2.500000000000001 23.79 417.0 1.38656
2.600000000000001 23.79 417.0 1.38656
2.700000000000001 23.79 417.0 1.38656
2.800000000000001 23.79 417.0 1.38656
2.9000000000000012 23.79 417.0 1.38656
3.0000000000000013 23.79 417.0 1.38656
3.1000000000000014 23.79 417.0 1.38656
3.2000000000000015 23.79 574.0 1.38656
3.3000000000000016 23.79 574.0 1.38656
3.4000000000000017 23.79 574.0 1.38656
3.5000000000000018 23.79 574.0 1.38745
3.600000000000002 25.33 574.0 1.38745
3.700000000000002 25.33 615.0 1.38745
3.800000000000002 25.33 615.0 1.38745
3.900000000000002 25.33 615.0 1.38745
4.000000000000002 25.33 615.0 1.38745
4.100000000000001 25.33 615.0 1.38745
4.200000000000001 25.45 615.0 1.38745
4.300000000000001 25.45 615.0 1.38745
4.4 25.45 615.0 1.38745
4.5 25.45 615.0 1.38745
4.6 25.45 726.0 1.38745
4.699999999999999 25.45 726.0 1.38106
4.799999999999999 25.45 726.0 1.38106
4.899999999999999 25.45 726.0 1.38106
4.999999999999998 25.45 726.0 1.38106
5.099999999999998 25.45 726.0 1.38106
5.1999999999999975 25.45 726.0 1.38106
5.299999999999997 25.45 726.0 1.38106
5.399999999999997 25.15 726.0 1.38106
5.4999999999999964 25.15 726.0 1.35108
5.599999999999996 25.15 688.0 1.35108
5.699999999999996 25.15 688.0 1.35108
5.799999999999995 25.15 688.0 1.35108
5.899999999999995 25.15 688.0 1.35108
5.999999999999995 25.15 688.0 1.35108
6.099999999999994 25.13 688.0 1.35108
6.199999999999994 25.13 688.0 1.35108
6.299999999999994 25.13 688.0 1.35108
6.399999999999993 25.13 688.0 1.35108
6.499999999999993 25.13 688.0 1.35108
6.5999999999999925 25.13 688.0 1.3653
6.699999999999992 25.13 746.0 1.3653
6.799999999999992 25.13 746.0 1.3653
6.8999999999999915 25.13 746.0 1.3653
6.999999999999991 24.98 746.0 1.3653
7.099999999999991 24.98 746.0 1.3653
7.19999999999999 24.98 746.0 1.3653
7.29999999999999 24.98 746.0 1.3653
7.39999999999999 24.98 746.0 1.38353
7.499999999999989 24.98 746.0 1.38353
7.599999999999989 24.98 746.0 1.38353
7.699999999999989 24.98 746.0 1.38353
7.799999999999988 24.9 746.0 1.38353
7.899999999999988 24.9 746.0 1.38353
7.999999999999988 24.9 612.0 1.38353
8.099999999999987 24.9 612.0 1.38353
8.199999999999987 24.9 612.0 1.38353
8.299999999999986 24.9 612.0 1.38353
8.399999999999986 24.9 612.0 1.38353
8.499999999999986 24.9 612.0 1.38353
8.599999999999985 24.9 612.0 1.35512
8.699999999999985 24.9 612.0 1.35512
8.799999999999985 24.78 612.0 1.35512
8.899999999999984 24.78 612.0 1.35512
8.999999999999984 24.78 612.0 1.35512
9.099999999999984 24.78 612.0 1.35512
9.199999999999983 24.78 612.0 1.35512
9.299999999999983 24.78 665.0 1.34581
9.399999999999983 24.78 665.0 1.34581
9.499999999999982 24.78 665.0 1.34581
9.599999999999982 24.78 665.0 1.34581
9.699999999999982 24.78 665.0 1.34581
9.799999999999981 25.31 665.0 1.34581
9.89999999999998 25.31 665.0 1.34581
9.99999999999998 25.31 665.0 1.34581
10.09999999999998 25.31 665.0 1.34581
10.19999999999998 25.31 665.0 1.34581
10.29999999999998 25.31 665.0 1.34581
10.399999999999979 25.31 838.0 1.34581
10.499999999999979 25.31 838.0 1.38219
10.599999999999978 26.43 838.0 1.38219
10.699999999999978 26.43 891.0 1.38219
10.799999999999978 26.43 891.0 1.38219
10.899999999999977 26.43 891.0 1.38219
10.999999999999977 26.43 891.0 1.38219
11.099999999999977 26.43 891.0 1.38219
11.199999999999976 26.53 891.0 1.38219
11.299999999999976 26.53 891.0 1.38219
11.399999999999975 26.53 891.0 1.38219
11.499999999999975 26.53 891.0 1.38219
11.599999999999975 26.53 891.0 1.38219
11.699999999999974 26.53 954.0 1.37226
11.799999999999974 26.53 954.0 1.37226
11.899999999999974 26.53 954.0 1.37226
11.999999999999973 26.53 954.0 1.37226
12.099999999999973 26.53 954.0 1.37226
12.199999999999973 26.53 954.0 1.37226
12.299999999999972 26.21 954.0 1.37226
12.399999999999972 26.21 808.0 1.37226
12.499999999999972 26.21 808.0 1.3471
12.599999999999971 26.21 808.0 1.3471
12.69999999999997 26.21 808.0 1.3471
12.79999999999997 26.21 808.0 1.3471
12.89999999999997 26.11 808.0 1.3471
12.99999999999997 26.11 808.0 1.3471
13.09999999999997 26.11 891.0 1.3471
13.199999999999969 26.11 891.0 1.3471
13.299999999999969 26.11 891.0 1.3471
13.399999999999968 26.11 891.0 1.3471
13.499999999999968 26.11 891.0 1.3471
13.599999999999968 26.84 954.0 1.3471
13.699999999999967 26.84 954.0 1.35996
13.799999999999967 26.84 954.0 1.35996
13.899999999999967 26.84 954.0 1.35996
13.999999999999966 26.84 954.0 1.35996
14.099999999999966 27.67 954.0 1.35996
14.199999999999966 27.67 954.0 1.35996
14.299999999999965 27.67 954.0 1.35996
14.399999999999965 27.67 1019.0 1.35996
14.499999999999964 27.67 1019.0 1.3828
14.599999999999964 27.67 1019.0 1.3828
14.699999999999964 28.03 1019.0 1.3828
14.799999999999963 28.03 954.0 1.3828
14.899999999999963 28.03 954.0 1.3828
14.999999999999963 28.03 954.0 1.3828
15.099999999999962 28.03 954.0 1.3828
15.199999999999962 28.03 954.0 1.3828
15.299999999999962 28.03 954.0 1.3828
15.399999999999961 28.03 954.0 1.3828
15.499999999999961 28.03 954.0 1.3828
15.59999999999996 27.85 954.0 1.3828
15.69999999999996 27.85 954.0 1.38234
15.79999999999996 27.85 1019.0 1.38234
15.89999999999996 27.85 1019.0 1.38234
15.99999999999996 27.85 1019.0 1.38234
16.09999999999996 27.85 1019.0 1.38234
16.19999999999996 27.85 1019.0 1.38234
16.29999999999996 27.85 1019.0 1.38234
16.399999999999963 27.85 1019.0 1.35424
16.499999999999964 27.85 1019.0 1.35424
16.599999999999966 27.47 1019.0 1.35424
16.699999999999967 27.47 1019.0 1.35424
16.79999999999997 27.47 902.0 1.35424
16.89999999999997 27.47 902.0 1.35424
16.99999999999997 27.47 902.0 1.35424
17.099999999999973 27.47 902.0 1.35424
17.199999999999974 27.41 902.0 1.35424
17.299999999999976 27.41 902.0 1.35424
17.399999999999977 27.41 902.0 1.35424
17.49999999999998 27.41 891.0 1.35424
17.59999999999998 27.41 891.0 1.35123
17.69999999999998 27.41 891.0 1.35123
17.799999999999983 27.41 891.0 1.35123
17.899999999999984 27.41 891.0 1.35123
17.999999999999986 27.41 891.0 1.35123
18.099999999999987 28.11 891.0 1.35123
18.19999999999999 28.11 983.0 1.35123
18.29999999999999 28.11 983.0 1.35123
18.39999999999999 28.11 983.0 1.38289
18.499999999999993 28.11 983.0 1.38289
18.599999999999994 28.33 983.0 1.38289
18.699999999999996 28.33 983.0 1.38289
18.799999999999997 28.33 983.0 1.38289
18.9 28.33 983.0 1.38289
19.0 28.33 983.0 1.38289
19.1 28.33 1053.0 1.38289
19.200000000000003 28.33 1053.0 1.38289
19.300000000000004 28.33 1053.0 1.38289
19.400000000000006 28.3 1019.0 1.38289
19.500000000000007 28.3 1019.0 1.38289
19.60000000000001 28.3 1019.0 1.3795
19.70000000000001 28.3 1019.0 1.3795
19.80000000000001 28.3 1019.0 1.3795
19.900000000000013 28.12 1019.0 1.3795
20.000000000000014 28.12 1019.0 1.3795
20.100000000000016 28.12 1019.0 1.3795
20.200000000000017 28.12 930.0 1.3795
20.30000000000002 28.12 930.0 1.3795
20.40000000000002 28.12 930.0 1.35279
20.50000000000002 28.12 930.0 1.35279
20.600000000000023 27.89 930.0 1.35279
20.700000000000024 27.89 930.0 1.35279
20.800000000000026 27.89 930.0 1.35279
20.900000000000027 27.89 930.0 1.35279
21.00000000000003 27.89 930.0 1.35279
21.10000000000003 27.84 930.0 1.35279
21.20000000000003 27.84 902.0 1.35279
21.300000000000033 27.84 902.0 1.35279
21.400000000000034 27.84 902.0 1.35279
21.500000000000036 27.84 902.0 1.35279
21.600000000000037 27.84 902.0 1.3519
21.70000000000004 27.85 902.0 1.3519
21.80000000000004 27.85 902.0 1.3519
21.90000000000004 27.85 942.0 1.3519
22.000000000000043 27.85 942.0 1.3519
22.100000000000044 27.85 942.0 1.3519
22.200000000000045 27.85 942.0 1.3519
22.300000000000047 27.85 942.0 1.3519
22.40000000000005 27.95 942.0 1.38279
22.50000000000005 27.95 942.0 1.38279
22.60000000000005 27.95 942.0 1.38279
22.700000000000053 27.95 942.0 1.38279
22.800000000000054 27.95 942.0 1.38279
22.900000000000055 27.95 942.0 1.38279
23.000000000000057 27.95 902.0 1.38279
23.10000000000006 27.95 902.0 1.38279
23.20000000000006 27.95 902.0 1.38279
23.30000000000006 28.12 902.0 1.38279
23.400000000000063 28.12 902.0 1.38279
23.500000000000064 28.12 902.0 1.38279
23.600000000000065 28.12 902.0 1.38312
23.700000000000067 28.12 902.0 1.38312
23.800000000000068 28.12 902.0 1.38312
23.90000000000007 28.12 902.0 1.38312
24.00000000000007 28.12 1009.0 1.38312
24.100000000000072 28.12 1009.0 1.38312
24.200000000000074 28.12 1009.0 1.38312
24.300000000000075 28.12 1009.0 1.38312
24.400000000000077 28.12 1009.0 1.36122
24.500000000000078 27.81 1009.0 1.36122
24.60000000000008 27.81 1009.0 1.36122
24.70000000000008 27.81 1009.0 1.36122
24.800000000000082 27.81 1009.0 1.36122
24.900000000000084 27.81 1009.0 1.36122
25.000000000000085 27.81 1009.0 1.36122
25.100000000000087 27.81 1009.0 1.36122
25.200000000000088 27.81 920.0 1.36122
25.30000000000009 27.81 920.0 1.36122
25.40000000000009 27.81 920.0 1.36122
25.500000000000092 27.81 920.0 1.35275
25.600000000000094 27.81 920.0 1.35275
25.700000000000095 27.81 920.0 1.35275
25.800000000000097 27.81 920.0 1.35275
25.900000000000098 27.81 920.0 1.35275
26.0000000000001 27.81 920.0 1.35275
26.1000000000001 27.81 920.0 1.35275
26.200000000000102 27.81 920.0 1.35275
26.300000000000104 27.81 920.0 1.3833
26.400000000000105 27.81 902.0 1.3833
26.500000000000107 27.81 902.0 1.3833
26.600000000000108 27.81 902.0 1.3833
26.70000000000011 27.81 902.0 1.3833
26.80000000000011 27.81 902.0 1.3833
26.900000000000112 27.81 902.0 1.3833
27.000000000000114 28.32 902.0 1.3833
27.100000000000115 28.32 902.0 1.3833
27.200000000000117 28.32 902.0 1.3833
27.300000000000118 28.32 902.0 1.3833
27.40000000000012 28.32 983.0 1.3833
27.50000000000012 28.32 983.0 1.38379
27.600000000000122 28.32 983.0 1.38379
27.700000000000124 28.32 983.0 1.38379
27.800000000000125 28.32 983.0 1.38379
27.900000000000126 28.32 983.0 1.38379
28.000000000000128 28.17 983.0 1.38379
28.10000000000013 28.17 870.0 1.38379
28.20000000000013 28.17 870.0 1.38379
28.300000000000132 28.17 870.0 1.38379
28.400000000000134 28.17 870.0 1.38379
28.500000000000135 28.17 870.0 1.38379
28.600000000000136 28.17 870.0 1.38379
28.700000000000138 28.01 870.0 1.35627
28.80000000000014 28.01 870.0 1.35627
28.90000000000014 28.01 870.0 1.35627
29.000000000000142 28.01 870.0 1.35627
29.100000000000144 28.01 817.0 1.35627
29.200000000000145 28.01 817.0 1.35627
29.300000000000146 28.01 817.0 1.35627
29.400000000000148 28.01 817.0 1.35627
29.50000000000015 28.01 817.0 1.35594
29.60000000000015 28.01 817.0 1.35594
29.700000000000152 28.28 817.0 1.35594
29.800000000000153 28.28 817.0 1.35594
29.900000000000155 28.28 817.0 1.35594
30.000000000000156 28.28 817.0 1.35594
30.100000000000158 28.28 817.0 1.35594
30.20000000000016 28.28 817.0 1.35594
30.30000000000016 28.28 817.0 1.35594
30.400000000000162 28.28 817.0 1.35594
30.500000000000163 28.28 817.0 1.35594
30.600000000000165 28.28 857.0 1.35594
30.700000000000166 28.28 857.0 1.38347
30.800000000000168 28.28 857.0 1.38347
30.90000000000017 28.28 857.0 1.38347
31.00000000000017 28.28 857.0 1.38347
31.100000000000172 28.28 857.0 1.38347
31.200000000000173 28.28 857.0 1.38347
31.300000000000175 29.0 857.0 1.38347
31.400000000000176 29.0 857.0 1.38398
31.500000000000178 29.0 870.0 1.38398
31.60000000000018 29.0 870.0 1.38398
31.70000000000018 29.0 870.0 1.38398
31.800000000000182 29.0 870.0 1.38398
31.900000000000183 29.0 870.0 1.38398
32.000000000000185 29.0 870.0 1.38398
32.100000000000186 29.0 870.0 1.38398
32.20000000000019 28.59 768.0 1.38398
32.30000000000019 28.59 768.0 1.38398
32.40000000000019 28.59 768.0 1.38398
32.50000000000019 28.59 768.0 1.38398
32.60000000000019 28.59 768.0 1.35931
32.700000000000195 28.42 768.0 1.35931
32.800000000000196 28.42 768.0 1.35931
32.9000000000002 28.42 768.0 1.35931
33.0000000000002 28.42 776.0 1.35931
33.1000000000002 28.42 776.0 1.35931
33.2000000000002 28.42 776.0 1.35931
33.3000000000002 28.42 776.0 1.35931
33.400000000000205 28.42 776.0 1.35931
33.500000000000206 28.31 776.0 1.35142
33.60000000000021 28.31 776.0 1.35142
33.70000000000021 28.31 776.0 1.35142
33.80000000000021 28.31 776.0 1.35142
33.90000000000021 28.31 732.0 1.35142
34.00000000000021 28.31 732.0 1.35142
34.100000000000215 28.31 732.0 1.35142
34.200000000000216 28.31 732.0 1.35142
34.30000000000022 28.31 732.0 1.35142
34.40000000000022 28.31 732.0 1.35142
34.50000000000022 28.31 732.0 1.35142
34.60000000000022 28.31 732.0 1.38347
34.70000000000022 29.14 732.0 1.38347
34.800000000000225 29.14 732.0 1.38347
34.900000000000226 29.14 732.0 1.38347
35.00000000000023 29.14 732.0 1.38347
35.10000000000023 29.14 732.0 1.38347
35.20000000000023 29.14 732.0 1.38347
35.30000000000023 29.14 795.0 1.38347
35.40000000000023 29.14 795.0 1.38347
35.500000000000234 29.14 795.0 1.38432
35.600000000000236 29.14 795.0 1.38432
35.70000000000024 29.14 795.0 1.38432
35.80000000000024 29.5 714.0 1.38432
35.90000000000024 29.5 714.0 1.38432
36.00000000000024 29.5 714.0 1.38432
36.10000000000024 29.5 714.0 1.38432
36.200000000000244 29.5 714.0 1.38432
36.300000000000246 29.5 714.0 1.38432
36.40000000000025 29.31 714.0 1.38432
36.50000000000025 29.31 714.0 1.38432
36.60000000000025 29.31 737.0 1.38432
36.70000000000025 29.31 737.0 1.38054
36.80000000000025 29.31 737.0 1.38054
36.900000000000254 29.31 737.0 1.38054
37.000000000000256 29.31 737.0 1.38054
37.10000000000026 29.05 737.0 1.38054
37.20000000000026 29.05 737.0 1.38054
37.30000000000026 29.05 737.0 1.38054
37.40000000000026 29.05 737.0 1.35289
37.50000000000026 29.05 737.0 1.35289
37.600000000000264 29.05 737.0 1.35289
37.700000000000266 29.05 623.0 1.35289
37.80000000000027 29.05 623.0 1.35289
37.90000000000027 29.05 623.0 1.35289
38.00000000000027 29.05 623.0 1.35289
38.10000000000027 29.17 623.0 1.35289
38.20000000000027 29.17 623.0 1.35289
38.300000000000274 29.17 623.0 1.35289
38.400000000000276 29.17 623.0 1.35289
38.50000000000028 29.17 640.0 1.35289
38.60000000000028 29.17 640.0 1.38232
38.70000000000028 29.17 640.0 1.38232
38.80000000000028 29.17 640.0 1.38232
38.90000000000028 29.17 640.0 1.38232
39.000000000000284 29.17 640.0 1.38232
39.100000000000286 29.77 640.0 1.38232
39.20000000000029 29.77 714.0 1.38232
39.30000000000029 29.77 714.0 1.38232
39.40000000000029 29.77 714.0 1.38471
39.50000000000029 29.77 714.0 1.38471
39.60000000000029 29.77 714.0 1.38471
39.700000000000294 29.72 714.0 1.38471
39.800000000000296 29.72 714.0 1.38471
39.9000000000003 29.72 714.0 1.38471
40.0000000000003 29.72 714.0 1.38471
40.1000000000003 29.72 706.0 1.38471
40.2000000000003 29.72 706.0 1.38471
40.3000000000003 29.72 706.0 1.38471
40.400000000000304 29.72 706.0 1.38471
40.500000000000306 29.37 706.0 1.38471
40.60000000000031 29.37 706.0 1.36496
40.70000000000031 29.37 706.0 1.36496
40.80000000000031 29.37 706.0 1.36496
40.90000000000031 29.37 706.0 1.36496
41.00000000000031 29.37 706.0 1.36496
41.100000000000314 29.37 706.0 1.36496
41.200000000000315 29.37 706.0 1.36496
41.30000000000032 29.37 706.0 1.36496
41.40000000000032 29.37 672.0 1.35284
41.50000000000032 29.37 672.0 1.35284
41.60000000000032 29.37 672.0 1.35284
41.70000000000032 29.37 672.0 1.35284
41.800000000000324 29.07 672.0 1.35284
41.900000000000325 29.07 486.0 1.35284
42.00000000000033 29.07 486.0 1.35284
42.10000000000033 29.07 486.0 1.35284
42.20000000000033 29.07 486.0 1.35284
42.30000000000033 29.47 486.0 1.35284
42.40000000000033 29.47 486.0 1.35284
42.500000000000334 29.47 486.0 1.35284
42.600000000000335 29.47 612.0 1.3829
42.70000000000034 29.47 612.0 1.3829
42.80000000000034 29.47 612.0 1.3829
42.90000000000034 29.47 612.0 1.3829
43.00000000000034 29.47 612.0 1.3829
43.10000000000034 29.47 612.0 1.3829
43.200000000000344 29.47 612.0 1.3829
43.300000000000345 29.47 612.0 1.3829
43.40000000000035 29.92 612.0 1.38422
43.50000000000035 29.92 612.0 1.38422
43.60000000000035 29.92 612.0 1.38422
43.70000000000035 29.92 612.0 1.38422
43.80000000000035 29.92 584.0 1.38422
43.900000000000354 29.92 584.0 1.38422
44.000000000000355 29.92 584.0 1.38422
44.10000000000036 29.92 584.0 1.38422
44.20000000000036 29.92 584.0 1.38422
44.30000000000036 29.92 584.0 1.38422
44.40000000000036 29.92 584.0 1.38422
44.50000000000036 29.92 584.0 1.35577
44.600000000000364 29.47 584.0 1.35577
44.700000000000365 29.47 584.0 1.35577
44.80000000000037 29.47 584.0 1.35577
44.90000000000037 29.47 584.0 1.35577
45.00000000000037 29.47 492.0 1.35577
45.10000000000037 29.47 492.0 1.35577
45.20000000000037 29.47 492.0 1.35577
45.300000000000374 29.47 492.0 1.35143
45.400000000000375 29.53 492.0 1.35143
45.50000000000038 29.53 497.0 1.35143
45.60000000000038 29.53 497.0 1.35143
45.70000000000038 29.53 497.0 1.35143
45.80000000000038 29.53 497.0 1.35143
45.90000000000038 29.53 497.0 1.35143
46.000000000000384 29.53 497.0 1.35143
46.100000000000385 29.53 497.0 1.35143
46.20000000000039 29.53 497.0 1.35143
46.30000000000039 30.04 497.0 1.35143
46.40000000000039 30.04 497.0 1.35143
46.50000000000039 30.04 497.0 1.38367
46.60000000000039 30.04 497.0 1.38367
46.700000000000394 30.04 497.0 1.38367
46.800000000000395 30.04 646.0 1.38367
46.9000000000004 30.04 646.0 1.38367
47.0000000000004 30.04 646.0 1.38367
47.1000000000004 30.04 646.0 1.38367
47.2000000000004 30.04 646.0 1.38367
47.3000000000004 30.04 646.0 1.37983
47.400000000000404 30.04 646.0 1.37983
47.500000000000405 29.88 646.0 1.37983
47.600000000000406 29.88 646.0 1.37983
47.70000000000041 29.88 646.0 1.37983
47.80000000000041 29.88 646.0 1.37983
47.90000000000041 29.88 646.0 1.37983
48.00000000000041 29.88 600.0 1.37983
48.10000000000041 29.88 600.0 1.37983
48.200000000000415 29.88 600.0 1.37983
48.300000000000416 29.88 600.0 1.37983
48.40000000000042 29.88 600.0 1.37983
48.50000000000042 29.88 600.0 1.35158
48.60000000000042 29.88 600.0 1.35158
48.70000000000042 29.34 600.0 1.35158
48.80000000000042 29.34 600.0 1.35158
48.900000000000425 29.34 536.0 1.35158
49.000000000000426 29.34 536.0 1.35158
49.10000000000043 29.34 536.0 1.35158
49.20000000000043 29.34 536.0 1.35158
49.30000000000043 29.39 536.0 1.38277
49.40000000000043 29.39 492.0 1.38277
49.50000000000043 29.39 492.0 1.38277
49.600000000000435 29.39 492.0 1.38277
49.700000000000436 29.39 492.0 1.38277
49.80000000000044 29.39 492.0 1.38277
49.90000000000044 29.58 492.0 1.38277
50.00000000000044 29.58 492.0 1.38277
50.10000000000044 29.58 567.0 1.38277
50.20000000000044 29.58 567.0 1.38277
50.300000000000445 29.58 567.0 1.38277
50.400000000000446 29.58 567.0 1.38277
50.50000000000045 29.76 567.0 1.38496
50.60000000000045 29.76 567.0 1.38496
50.70000000000045 29.76 567.0 1.38496
50.80000000000045 29.76 567.0 1.38496
50.90000000000045 29.76 567.0 1.38496
51.000000000000455 29.76 594.0 1.38496
51.100000000000456 29.76 594.0 1.38496
51.20000000000046 29.76 594.0 1.38496
51.30000000000046 29.76 594.0 1.38496
51.40000000000046 29.76 594.0 1.38496
51.50000000000046 29.76 594.0 1.38496
51.60000000000046 29.38 594.0 1.35579
51.700000000000465 29.38 594.0 1.35579
51.800000000000466 29.38 594.0 1.35579
51.90000000000047 29.38 594.0 1.35579
52.00000000000047 29.38 594.0 1.35579
52.10000000000047 29.38 523.0 1.35579
52.20000000000047 29.38 523.0 1.35579
52.30000000000047 29.38 523.0 1.35579
52.400000000000475 29.38 523.0 1.35602
52.500000000000476 29.38 523.0 1.35602
52.60000000000048 29.26 523.0 1.35602
52.70000000000048 29.26 523.0 1.35602
52.80000000000048 29.26 470.0 1.35602
52.90000000000048 29.26 470.0 1.35602
53.00000000000048 29.26 470.0 1.35602
53.100000000000485 29.26 470.0 1.35602
53.200000000000486 29.26 470.0 1.35602
53.30000000000049 29.26 470.0 1.35602
53.40000000000049 29.26 470.0 1.35602
53.50000000000049 29.59 470.0 1.35602
53.60000000000049 29.59 470.0 1.38444
53.70000000000049 29.59 470.0 1.38444
53.800000000000495 29.59 470.0 1.38444
53.900000000000496 29.59 470.0 1.38444
54.0000000000005 29.59 470.0 1.38444
54.1000000000005 29.59 470.0 1.38444
54.2000000000005 29.59 470.0 1.38444
54.3000000000005 29.59 470.0 1.38444
54.4000000000005 29.59 470.0 1.38359
54.500000000000504 29.59 470.0 1.38359
54.600000000000506 29.53 470.0 1.38359
54.70000000000051 29.53 470.0 1.38359
54.80000000000051 29.53 470.0 1.38359
54.90000000000051 29.53 470.0 1.38359
55.00000000000051 29.53 542.0 1.38359
55.10000000000051 29.53 542.0 1.38359
55.200000000000514 29.53 542.0 1.38359
55.300000000000516 29.53 542.0 1.38359
55.40000000000052 29.53 542.0 1.38359
55.50000000000052 29.53 542.0 1.38359
55.60000000000052 29.21 542.0 1.35368
55.70000000000052 29.21 542.0 1.35368
55.80000000000052 29.21 542.0 1.35368
55.900000000000524 29.21 542.0 1.35368
56.000000000000526 29.21 502.0 1.35368
56.10000000000053 29.21 502.0 1.35368
56.20000000000053 29.21 502.0 1.35368
56.30000000000053 29.17 502.0 1.35368
56.40000000000053 29.17 425.0 1.35672
56.50000000000053 29.17 425.0 1.35672
56.600000000000534 29.17 425.0 1.35672
56.700000000000536 29.17 425.0 1.35672
56.80000000000054 29.17 425.0 1.35672
56.90000000000054 29.31 425.0 1.35672
57.00000000000054 29.31 425.0 1.35672
57.10000000000054 29.31 425.0 1.35672
57.20000000000054 29.31 425.0 1.35672
57.300000000000544 29.31 425.0 1.35672
57.400000000000546 29.31 486.0 1.35672
57.50000000000055 29.31 486.0 1.35672
57.60000000000055 29.31 486.0 1.38397
57.70000000000055 29.31 486.0 1.38397
57.80000000000055 29.58 486.0 1.38397
57.90000000000055 29.58 508.0 1.38397
58.000000000000554 29.58 508.0 1.38397
58.100000000000556 29.58 508.0 1.38397
58.20000000000056 29.58 508.0 1.38397
58.30000000000056 29.58 508.0 1.38166
58.40000000000056 29.58 508.0 1.38166
58.50000000000056 29.58 508.0 1.38166
58.60000000000056 29.33 508.0 1.38166
58.700000000000564 29.33 508.0 1.38166
58.800000000000566 29.33 508.0 1.38166
58.90000000000057 29.33 461.0 1.38166
59.00000000000057 29.33 461.0 1.38166
59.10000000000057 29.33 461.0 1.38166
59.20000000000057 29.33 461.0 1.38166
59.30000000000057 29.33 461.0 1.38166
59.400000000000574 29.12 461.0 1.38166
59.500000000000576 29.12 461.0 1.35033
59.60000000000058 29.12 461.0 1.35033
59.70000000000058 29.12 461.0 1.35033
59.80000000000058 29.12 461.0 1.35033
59.90000000000058 29.12 461.0 1.35033
60.00000000000058 29.12 400.0 1.35033
60.100000000000584 29.12 400.0 1.35033
60.200000000000585 29.32 400.0 1.35033
60.30000000000059 29.32 400.0 1.37794
60.40000000000059 29.32 400.0 1.37794
60.50000000000059 29.32 400.0 1.37794
60.60000000000059 29.32 400.0 1.37794
60.70000000000059 29.32 400.0 1.37794
60.800000000000594 29.32 400.0 1.37794
60.900000000000595 29.32 492.0 1.37794
61.0000000000006 29.32 492.0 1.37794
61.1000000000006 29.32 492.0 1.37794
61.2000000000006 29.32 492.0 1.37794
61.3000000000006 29.32 492.0 1.37794
61.4000000000006 29.32 492.0 1.37794
61.500000000000604 29.32 492.0 1.38458
61.600000000000605 29.72 492.0 1.38458
61.70000000000061 29.72 492.0 1.38458
61.80000000000061 29.72 492.0 1.38458
61.90000000000061 29.72 492.0 1.38458
62.00000000000061 29.72 492.0 1.38458
62.10000000000061 29.72 492.0 1.38458
62.200000000000614 29.72 492.0 1.38458
62.300000000000615 29.72 492.0 1.3549
62.40000000000062 29.31 492.0 1.3549
62.50000000000062 29.31 492.0 1.3549
62.60000000000062 29.31 492.0 1.3549
62.70000000000062 29.31 492.0 1.3549
62.80000000000062 29.31 492.0 1.3549
62.900000000000624 29.31 492.0 1.3549
63.000000000000625 29.31 465.0 1.3549
63.10000000000063 29.31 465.0 1.3549
63.20000000000063 29.31 465.0 1.3549
63.30000000000063 29.31 465.0 1.3549
63.40000000000063 29.31 465.0 1.3549
63.50000000000063 29.31 465.0 1.34926
63.600000000000634 29.31 465.0 1.34926
63.700000000000635 29.36 465.0 1.34926
63.80000000000064 29.36 465.0 1.34926
63.90000000000064 29.36 418.0 1.34926
64.00000000000064 29.36 418.0 1.34926
64.10000000000063 29.36 418.0 1.34926
64.20000000000063 29.36 418.0 1.34926
64.30000000000062 29.61 418.0 1.38414
64.40000000000062 29.61 418.0 1.38414
64.50000000000061 29.61 418.0 1.38414
64.6000000000006 29.61 418.0 1.38414
64.7000000000006 29.61 418.0 1.38414
64.8000000000006 29.61 454.0 1.38414
64.90000000000059 29.61 454.0 1.38414
65.00000000000058 29.61 454.0 1.38414
65.10000000000058 29.63 465.0 1.38414
65.20000000000057 29.63 465.0 1.38414
65.30000000000057 29.63 465.0 1.38414
65.40000000000056 29.63 465.0 1.38414
65.50000000000055 29.63 465.0 1.38422
65.60000000000055 29.63 465.0 1.38422
65.70000000000054 29.42 465.0 1.38422
65.80000000000054 29.42 465.0 1.38422
65.90000000000053 29.42 465.0 1.38422
66.00000000000053 29.42 465.0 1.38422
66.10000000000052 29.42 413.0 1.38422
66.20000000000051 29.42 413.0 1.38422
66.30000000000051 29.42 413.0 1.35121
66.4000000000005 29.42 413.0 1.35121
66.5000000000005 29.42 413.0 1.35121
66.60000000000049 29.42 413.0 1.35121
66.70000000000049 29.42 413.0 1.35121
66.80000000000048 29.09 413.0 1.35121
66.90000000000047 29.09 413.0 1.35121
67.00000000000047 29.09 413.0 1.35121
67.10000000000046 29.09 413.0 1.35121
67.20000000000046 29.09 400.0 1.35121
67.30000000000045 29.09 400.0 1.35121
67.40000000000045 29.31 400.0 1.37558
67.50000000000044 29.31 425.0 1.37558
67.60000000000043 29.31 425.0 1.37558
67.70000000000043 29.31 425.0 1.37558
67.80000000000042 29.31 425.0 1.37558
67.90000000000042 29.31 425.0 1.37558
68.00000000000041 29.41 425.0 1.37558
68.1000000000004 29.41 425.0 1.37558
68.2000000000004 29.41 425.0 1.37558
68.3000000000004 29.41 425.0 1.38429
68.40000000000039 29.41 425.0 1.38429
68.50000000000038 29.41 416.0 1.38429
68.60000000000038 29.41 416.0 1.38429
68.70000000000037 29.41 416.0 1.38429
68.80000000000037 29.41 416.0 1.38429
68.90000000000036 29.41 416.0 1.38429
69.00000000000036 29.41 416.0 1.38429
69.10000000000035 29.41 416.0 1.38429
69.20000000000034 29.41 416.0 1.38429
69.30000000000034 29.29 416.0 1.38429
69.40000000000033 29.29 416.0 1.37365
69.50000000000033 29.29 416.0 1.37365
69.60000000000032 29.29 416.0 1.37365
69.70000000000032 29.29 400.0 1.37365
69.80000000000031 29.29 400.0 1.37365
69.9000000000003 29.29 400.0 1.37365
70.0000000000003 29.29 400.0 1.37365
70.10000000000029 29.29 400.0 1.37365
70.20000000000029 29.29 400.0 1.37365
70.30000000000028 29.29 400.0 1.37365
70.40000000000028 28.99 415.0 1.37365
70.50000000000027 28.99 415.0 1.37365
70.60000000000026 28.99 415.0 1.35226
70.70000000000026 28.99 415.0 1.35226
70.80000000000025 28.99 415.0 1.35226
70.90000000000025 28.99 415.0 1.35226
71.00000000000024 29.02 415.0 1.35226
71.10000000000024 29.02 400.0 1.35226
71.20000000000023 29.02 400.0 1.35226
71.30000000000022 29.02 400.0 1.35226
71.40000000000022 29.02 400.0 1.38081
71.50000000000021 29.02 400.0 1.38081
71.60000000000021 29.02 400.0 1.38081
71.7000000000002 29.35 400.0 1.38081
71.8000000000002 29.35 400.0 1.38081
71.90000000000019 29.35 400.0 1.38081
72.00000000000018 29.35 400.0 1.38081
72.10000000000018 29.35 400.0 1.38081
72.20000000000017 29.35 400.0 1.38081
72.30000000000017 29.35 439.0 1.38081
72.40000000000016 29.35 439.0 1.38081
72.50000000000016 29.35 439.0 1.38081
72.60000000000015 29.35 439.0 1.3848
72.70000000000014 29.49 439.0 1.3848
72.80000000000014 29.49 439.0 1.3848
72.90000000000013 29.49 439.0 1.3848
73.00000000000013 29.49 439.0 1.3848
73.10000000000012 29.49 434.0 1.3848
73.20000000000012 29.49 434.0 1.3848
73.30000000000011 29.49 434.0 1.3848
73.4000000000001 29.49 434.0 1.36115
73.5000000000001 29.49 434.0 1.36115
73.6000000000001 29.15 434.0 1.36115
73.70000000000009 29.15 434.0 1.36115
73.80000000000008 29.15 434.0 1.36115
73.90000000000008 29.15 434.0 1.36115
74.00000000000007 29.15 434.0 1.36115
74.10000000000007 29.15 434.0 1.36115
74.20000000000006 29.15 434.0 1.36115
74.30000000000005 29.15 434.0 1.36115
74.40000000000005 29.15 434.0 1.36115
74.50000000000004 29.15 400.0 1.36115
74.60000000000004 29.15 400.0 1.35084
74.70000000000003 29.15 400.0 1.35084
74.80000000000003 29.15 400.0 1.35084
74.90000000000002 29.15 400.0 1.35084
75.00000000000001 29.15 400.0 1.35084
75.10000000000001 29.15 400.0 1.35084
75.2 29.15 400.0 1.35084
75.3 29.15 400.0 1.35084
75.39999999999999 29.15 400.0 1.38396
75.49999999999999 29.15 400.0 1.38396
75.59999999999998 29.58 400.0 1.38396
75.69999999999997 29.58 400.0 1.38396
75.79999999999997 29.58 400.0 1.38396
75.89999999999996 29.58 400.0 1.38396
75.99999999999996 29.58 465.0 1.38396
76.09999999999995 29.58 465.0 1.38396
76.19999999999995 29.58 465.0 1.38396
76.29999999999994 29.58 465.0 1.38396
76.39999999999993 29.66 465.0 1.38396
76.49999999999993 29.66 481.0 1.38396
76.59999999999992 29.66 481.0 1.38449
76.69999999999992 29.66 481.0 1.38449
76.79999999999991 29.66 481.0 1.38449
76.8999999999999 29.47 481.0 1.38449
76.9999999999999 29.47 481.0 1.38449
77.0999999999999 29.47 481.0 1.38449
77.19999999999989 29.47 470.0 1.38449
77.29999999999988 29.47 470.0 1.38449
77.39999999999988 29.47 470.0 1.36439
77.49999999999987 29.47 470.0 1.36439
77.59999999999987 29.47 470.0 1.36439
77.69999999999986 29.15 470.0 1.36439
77.79999999999986 29.15 470.0 1.36439
77.89999999999985 29.15 470.0 1.36439
77.99999999999984 29.15 470.0 1.36439
78.09999999999984 29.15 470.0 1.36439
78.19999999999983 29.15 470.0 1.36439
78.29999999999983 29.15 433.0 1.36439
78.39999999999982 29.15 433.0 1.36439
78.49999999999982 29.15 433.0 1.36439
78.59999999999981 29.15 433.0 1.3512
78.6999999999998 28.91 433.0 1.3512
78.7999999999998 28.91 433.0 1.3512
78.89999999999979 28.91 433.0 1.3512
78.99999999999979 28.91 433.0 1.3512
79.09999999999978 28.91 400.0 1.3512
79.19999999999978 28.91 400.0 1.3512
79.29999999999977 28.91 400.0 1.3512
79.39999999999976 28.91 400.0 1.38
79.49999999999976 28.91 400.0 1.38
79.59999999999975 28.91 400.0 1.38
79.69999999999975 29.35 400.0 1.38
79.79999999999974 29.35 476.0 1.38
79.89999999999974 29.35 476.0 1.38
79.99999999999973 29.35 476.0 1.38
80.09999999999972 29.35 476.0 1.38
80.19999999999972 29.35 476.0 1.38
80.29999999999971 29.35 476.0 1.38
80.39999999999971 29.49 476.0 1.38
80.4999999999997 29.49 476.0 1.38446
80.5999999999997 29.49 476.0 1.38446
80.69999999999969 29.49 476.0 1.38446
80.79999999999968 29.49 502.0 1.38446
80.89999999999968 29.49 502.0 1.38446
80.99999999999967 29.49 502.0 1.38446
81.09999999999967 29.49 502.0 1.38446
81.19999999999966 29.49 502.0 1.38446
81.29999999999966 29.29 502.0 1.35987
81.39999999999965 29.29 502.0 1.35987
81.49999999999964 29.29 502.0 1.35987
81.59999999999964 29.29 502.0 1.35987
81.69999999999963 29.29 502.0 1.35987
81.79999999999963 29.29 502.0 1.35987
81.89999999999962 29.29 502.0 1.35987
81.99999999999962 29.29 463.0 1.35987
82.09999999999961 29.29 463.0 1.35987
82.1999999999996 29.29 463.0 1.35987
82.2999999999996 29.29 463.0 1.35987
82.3999999999996 29.29 463.0 1.35987
82.49999999999959 29.29 463.0 1.35116
82.59999999999958 29.29 463.0 1.35116
82.69999999999958 29.29 463.0 1.35116
82.79999999999957 28.99 463.0 1.35116
82.89999999999957 28.99 463.0 1.35116
82.99999999999956 28.99 463.0 1.35116
83.09999999999955 28.99 463.0 1.35116
83.19999999999955 28.99 463.0 1.35116
83.29999999999954 28.99 463.0 1.38375
83.39999999999954 28.99 508.0 1.38375
83.49999999999953 28.99 508.0 1.38375
83.59999999999953 29.48 508.0 1.38375
83.69999999999952 29.48 497.0 1.38375
83.79999999999951 29.48 497.0 1.38375
83.89999999999951 29.48 497.0 1.38375
83.9999999999995 29.48 497.0 1.38375
84.0999999999995 29.53 497.0 1.38375
84.19999999999949 29.53 492.0 1.38375
84.29999999999949 29.53 492.0 1.38375
84.39999999999948 29.53 492.0 1.38375
84.49999999999947 29.53 492.0 1.38435
84.59999999999947 29.45 492.0 1.38435
84.69999999999946 29.45 492.0 1.38435
84.79999999999946 29.45 492.0 1.38435
84.89999999999945 29.45 539.0 1.38435
84.99999999999945 29.45 539.0 1.38435
85.09999999999944 29.45 539.0 1.38435
85.19999999999943 29.45 539.0 1.35771
85.29999999999943 29.45 539.0 1.35771
85.39999999999942 29.19 539.0 1.35771
85.49999999999942 29.19 539.0 1.35771
85.59999999999941 29.19 517.0 1.35771
85.6999999999994 29.19 517.0 1.35771
85.7999999999994 29.19 517.0 1.35771
85.8999999999994 29.19 517.0 1.35771
85.99999999999939 29.19 517.0 1.35771
86.09999999999938 29.19 517.0 1.35771
86.19999999999938 29.19 517.0 1.35771
86.29999999999937 29.19 517.0 1.35771
86.39999999999937 29.0 517.0 1.35077
86.49999999999936 29.0 517.0 1.35077
86.59999999999935 29.0 517.0 1.35077
86.69999999999935 29.0 517.0 1.35077
86.79999999999934 29.0 517.0 1.35077
86.89999999999934 29.0 517.0 1.35077
86.99999999999933 29.0 459.0 1.35077
87.09999999999933 29.0 459.0 1.35077
87.19999999999932 29.0 459.0 1.35077
87.29999999999932 29.0 459.0 1.35077
87.39999999999931 29.51 459.0 1.35077
87.4999999999993 29.51 459.0 1.35077
87.5999999999993 29.51 459.0 1.38412
87.69999999999929 29.51 459.0 1.38412
87.79999999999929 29.51 517.0 1.38412
87.89999999999928 29.51 517.0 1.38412
87.99999999999928 29.51 517.0 1.38412
88.09999999999927 29.51 517.0 1.38412
88.19999999999926 29.51 517.0 1.38412
88.29999999999926 29.52 517.0 1.38412
88.39999999999925 29.52 517.0 1.38471
88.49999999999925 29.52 517.0 1.38471
88.59999999999924 29.52 517.0 1.38471
88.69999999999924 29.52 517.0 1.38471
88.79999999999923 29.52 517.0 1.38471
88.89999999999922 29.52 517.0 1.38471
88.99999999999922 29.52 517.0 1.38471
89.09999999999921 29.52 517.0 1.38471
89.1999999999992 29.52 517.0 1.38471
89.2999999999992 29.52 517.0 1.38471
89.3999999999992 29.52 517.0 1.38471
89.49999999999919 29.52 517.0 1.35478
89.59999999999918 29.11 517.0 1.35478
89.69999999999918 29.11 418.0 1.35478
89.79999999999917 29.11 418.0 1.35478
89.89999999999917 29.11 418.0 1.35478
89.99999999999916 29.11 418.0 1.35478
90.09999999999916 29.11 418.0 1.35478
90.19999999999915 28.93 418.0 1.35478
90.29999999999914 28.93 418.0 1.34999
90.39999999999914 28.93 418.0 1.34999
90.49999999999913 28.93 418.0 1.34999
90.59999999999913 28.93 408.0 1.34999
90.69999999999912 28.93 408.0 1.34999
90.79999999999912 28.93 408.0 1.34999
90.89999999999911 28.93 408.0 1.34999
90.9999999999991 29.11 408.0 1.34999
91.0999999999991 29.11 408.0 1.34999
91.1999999999991 29.11 408.0 1.34999
91.29999999999909 29.11 408.0 1.34999
91.39999999999908 29.11 408.0 1.34999
91.49999999999908 29.11 408.0 1.38446
91.59999999999907 29.11 408.0 1.38446
91.69999999999906 29.11 408.0 1.38446
91.79999999999906 29.11 408.0 1.38446
91.89999999999905 29.11 486.0 1.38446
91.99999999999905 29.11 486.0 1.38446
92.09999999999904 29.11 486.0 1.38446
92.19999999999904 29.11 486.0 1.38446
92.29999999999903 29.11 486.0 1.38554
92.39999999999903 29.11 486.0 1.38554
92.49999999999902 29.11 486.0 1.38554
92.59999999999901 29.36 486.0 1.38554
92.69999999999901 29.36 486.0 1.38554
92.799999999999 29.36 486.0 1.38554
92.899999999999 29.36 486.0 1.38554
92.99999999999899 29.36 497.0 1.38554
93.09999999999899 29.36 497.0 1.38554
93.19999999999898 29.36 497.0 1.38554
93.29999999999897 29.07 497.0 1.38554
93.39999999999897 29.07 450.0 1.38554
93.49999999999896 29.07 450.0 1.35534
93.59999999999896 29.07 450.0 1.35534
93.69999999999895 29.07 450.0 1.35534
93.79999999999895 29.07 450.0 1.35534
93.89999999999894 28.91 450.0 1.35534
93.99999999999893 28.91 450.0 1.35534
94.09999999999893 28.91 450.0 1.35534
94.19999999999892 28.91 450.0 1.35534
94.29999999999892 28.91 402.0 1.34839
94.39999999999891 28.91 402.0 1.34839
94.4999999999989 28.91 402.0 1.34839
94.5999999999989 28.91 402.0 1.34839
94.6999999999989 28.91 402.0 1.34839
94.79999999999889 28.91 402.0 1.34839
94.89999999999888 28.91 402.0 1.34839
94.99999999999888 28.91 402.0 1.34839
95.09999999999887 29.14 402.0 1.34839
95.19999999999887 29.14 402.0 1.34839
95.29999999999886 29.14 459.0 1.34839
95.39999999999885 29.14 459.0 1.34839
95.49999999999885 29.14 459.0 1.38422
95.59999999999884 29.14 459.0 1.38422
95.69999999999884 29.14 459.0 1.38422
95.79999999999883 29.34 459.0 1.38422
95.89999999999883 29.34 459.0 1.38422
95.99999999999882 29.34 459.0 1.38422
96.09999999999881 29.34 459.0 1.38422
96.19999999999881 29.34 459.0 1.38422
96.2999999999988 29.34 459.0 1.38422
96.3999999999988 29.34 459.0 1.38422
96.49999999999879 29.34 459.0 1.38422
96.59999999999879 29.34 459.0 1.38424
96.69999999999878 29.34 488.0 1.38424
96.79999999999878 29.34 488.0 1.38424
96.89999999999877 29.34 488.0 1.38424
96.99999999999876 29.34 488.0 1.38424
97.09999999999876 29.34 488.0 1.38424
97.19999999999875 29.34 488.0 1.38424
97.29999999999875 29.34 488.0 1.38424
97.39999999999874 29.34 488.0 1.35064
97.49999999999874 29.0 488.0 1.35064
97.59999999999873 29.0 488.0 1.35064
97.69999999999872 29.0 488.0 1.35064
97.79999999999872 29.0 488.0 1.35064
97.89999999999871 29.0 488.0 1.35064
97.9999999999987 29.0 488.0 1.35064
98.0999999999987 29.0 463.0 1.35064
98.1999999999987 29.0 463.0 1.35064
98.29999999999869 29.0 463.0 1.35064
98.39999999999868 29.15 463.0 1.35064
98.49999999999868 29.15 463.0 1.35064
98.59999999999867 29.15 463.0 1.38308
98.69999999999867 29.15 463.0 1.38308
98.79999999999866 29.15 463.0 1.38308
98.89999999999866 29.15 463.0 1.38308
98.99999999999865 29.15 477.0 1.38308
99.09999999999864 29.15 477.0 1.38308
99.19999999999864 29.15 477.0 1.38308
99.29999999999863 29.38 477.0 1.38308
99.39999999999863 29.38 508.0 1.38417
99.49999999999862 29.38 508.0 1.38417
99.59999999999862 29.38 508.0 1.38417
99.69999999999861 29.38 508.0 1.38417
99.7999999999986 29.38 508.0 1.38417
99.8999999999986 29.23 508.0 1.38417
99.9999999999986 29.23 508.0 1.38417
100.09999999999859 29.23 508.0 1.38417
100.19999999999858 29.23 508.0 1.38417
100.29999999999858 29.23 508.0 1.38417
100.39999999999857 29.23 508.0 1.38417
100.49999999999856 29.23 508.0 1.38417
100.59999999999856 29.23 497.0 1.35378
100.69999999999855 29.23 497.0 1.35378
100.79999999999855 29.23 497.0 1.35378
100.89999999999854 28.98 497.0 1.35378
100.99999999999854 28.98 497.0 1.35378
101.09999999999853 28.98 497.0 1.35378
101.19999999999852 28.98 497.0 1.35378
101.29999999999852 28.98 497.0 1.35378
101.39999999999851 28.98 497.0 1.38349
101.49999999999851 28.98 455.0 1.38349
101.5999999999985 28.98 455.0 1.38349
101.6999999999985 28.98 455.0 1.38349
101.79999999999849 28.98 455.0 1.38349
101.89999999999849 28.98 455.0 1.38349
101.99999999999848 29.66 455.0 1.38349
102.09999999999847 29.66 455.0 1.38349
102.19999999999847 29.66 455.0 1.38349
102.29999999999846 29.66 455.0 1.38349
102.39999999999846 29.66 455.0 1.38349
102.49999999999845 29.66 455.0 1.38349
102.59999999999845 29.66 455.0 1.3842
102.69999999999844 29.66 455.0 1.3842
102.79999999999843 29.66 531.0 1.3842
102.89999999999843 29.66 531.0 1.3842
102.99999999999842 29.66 531.0 1.3842
103.09999999999842 29.66 531.0 1.3842
103.19999999999841 29.66 531.0 1.3842
103.2999999999984 29.66 531.0 1.3842
103.3999999999984 29.43 531.0 1.35746
103.4999999999984 29.43 531.0 1.35746
103.59999999999839 29.43 531.0 1.35746
103.69999999999838 29.43 531.0 1.35746
103.79999999999838 29.43 428.0 1.35746
103.89999999999837 29.43 428.0 1.35746
103.99999999999837 29.43 428.0 1.35746
104.09999999999836 29.43 428.0 1.35746
104.19999999999835 29.43 428.0 1.35746
104.29999999999835 29.09 428.0 1.35746
104.39999999999834 29.09 428.0 1.35746
104.49999999999834 29.09 428.0 1.35746
104.59999999999833 29.09 428.0 1.36329
104.69999999999833 29.09 428.0 1.36329
104.79999999999832 29.09 428.0 1.36329
104.89999999999831 29.09 428.0 1.36329
104.99999999999831 29.09 428.0 1.36329
105.0999999999983 29.09 428.0 1.36329
105.1999999999983 29.09 447.0 1.36329
105.29999999999829 29.09 447.0 1.36329
105.39999999999829 29.09 447.0 1.38364
105.49999999999828 29.09 447.0 1.38364
105.59999999999827 29.09 447.0 1.38364
105.69999999999827 29.24 447.0 1.38364
105.79999999999826 29.24 447.0 1.38364
105.89999999999826 29.24 447.0 1.38364
105.99999999999825 29.24 447.0 1.38364
106.09999999999825 29.24 447.0 1.38364
106.19999999999824 29.24 447.0 1.38364
106.29999999999824 29.24 447.0 1.38364
106.39999999999823 29.24 487.0 1.38364
106.49999999999822 29.24 487.0 1.38364
106.59999999999822 29.24 487.0 1.38358
106.69999999999821 29.24 487.0 1.38358
106.7999999999982 29.24 487.0 1.38358
106.8999999999982 29.24 487.0 1.38358
106.9999999999982 28.9 487.0 1.38358
107.09999999999819 28.9 487.0 1.38358
107.19999999999818 28.9 487.0 1.38358
107.29999999999818 28.9 487.0 1.38358
107.39999999999817 28.9 439.0 1.35354
107.49999999999817 28.9 439.0 1.35354
107.59999999999816 28.9 439.0 1.35354
107.69999999999816 28.9 439.0 1.35354
107.79999999999815 28.9 439.0 1.35354
107.89999999999814 28.9 439.0 1.35354
107.99999999999814 28.82 439.0 1.35354
108.09999999999813 28.82 428.0 1.35354
108.19999999999813 28.82 428.0 1.35354
108.29999999999812 28.82 428.0 1.35354
108.39999999999812 28.82 428.0 1.35354
108.49999999999811 28.82 428.0 1.35354
108.5999999999981 29.05 428.0 1.35584
108.6999999999981 29.05 428.0 1.35584
108.7999999999981 29.05 428.0 1.35584
108.89999999999809 29.05 428.0 1.35584
108.99999999999808 29.05 465.0 1.35584
109.09999999999808 29.05 465.0 1.35584
109.19999999999807 29.05 465.0 1.35584
109.29999999999806 29.05 465.0 1.35584
109.39999999999806 29.18 465.0 1.3843
109.49999999999805 29.18 465.0 1.3843
109.59999999999805 29.18 465.0 1.3843
109.69999999999804 29.18 465.0 1.3843
109.79999999999804 29.18 465.0 1.3843
109.89999999999803 29.18 465.0 1.3843
109.99999999999802 29.18 465.0 1.3843
110.09999999999802 29.18 465.0 1.3843
110.19999999999801 29.18 465.0 1.3843
110.29999999999801 29.18 503.0 1.3843
110.399999999998 29.18 503.0 1.3843
110.499999999998 29.18 503.0 1.3843
110.59999999999799 29.18 503.0 1.3842
110.69999999999798 29.18 503.0 1.3842
110.79999999999798 29.18 503.0 1.3842
110.89999999999797 29.18 503.0 1.3842
110.99999999999797 29.18 503.0 1.3842
111.09999999999796 28.93 503.0 1.3842
111.19999999999796 28.93 503.0 1.3842
111.29999999999795 28.93 503.0 1.3842
111.39999999999795 28.93 503.0 1.35685
111.49999999999794 28.93 472.0 1.35685
111.59999999999793 28.93 472.0 1.35685
111.69999999999793 28.93 472.0 1.35685
111.79999999999792 28.93 472.0 1.35685
111.89999999999792 28.93 472.0 1.35685
111.99999999999791 28.93 472.0 1.35685
112.0999999999979 28.93 472.0 1.35685
112.1999999999979 28.93 472.0 1.35685
112.2999999999979 28.73 472.0 1.35685
112.39999999999789 28.73 472.0 1.35685
112.49999999999788 28.73 472.0 1.35685
112.59999999999788 28.73 472.0 1.35382
112.69999999999787 28.73 400.0 1.35382
112.79999999999787 28.73 400.0 1.35382
112.89999999999786 28.73 400.0 1.35382
112.99999999999785 28.73 400.0 1.35382
113.09999999999785 28.73 400.0 1.35382
113.19999999999784 28.73 400.0 1.35382
113.29999999999784 28.73 400.0 1.38471
113.39999999999783 29.05 418.0 1.38471
113.49999999999783 29.05 418.0 1.38471
113.59999999999782 29.05 418.0 1.38471
113.69999999999781 29.05 418.0 1.38471
113.79999999999781 29.05 418.0 1.38471
113.8999999999978 29.05 418.0 1.38471
113.9999999999978 29.18 418.0 1.38471
114.09999999999779 29.18 418.0 1.38471
114.19999999999779 29.18 478.0 1.38471
114.29999999999778 29.18 478.0 1.38471
114.39999999999777 29.18 478.0 1.38471
114.49999999999777 29.18 478.0 1.38496
114.59999999999776 29.18 478.0 1.38496
114.69999999999776 29.09 478.0 1.38496
114.79999999999775 29.09 478.0 1.38496
114.89999999999775 29.09 478.0 1.38496
114.99999999999774 29.09 478.0 1.38496
115.09999999999773 29.09 478.0 1.38496
115.19999999999773 29.09 478.0 1.38496
115.29999999999772 29.09 466.0 1.35666
115.39999999999772 29.09 466.0 1.35666
115.49999999999771 29.09 466.0 1.35666
115.5999999999977 28.85 466.0 1.35666
115.6999999999977 28.85 466.0 1.35666
115.7999999999977 28.85 466.0 1.35666
115.89999999999769 28.85 466.0 1.35666
115.99999999999768 28.85 466.0 1.35666
116.09999999999768 28.85 408.0 1.35666
116.19999999999767 28.85 408.0 1.35666
116.29999999999767 28.85 408.0 1.35666
116.39999999999766 28.85 408.0 1.35666
116.49999999999766 28.85 408.0 1.35145
116.59999999999765 28.76 408.0 1.35145
116.69999999999764 28.76 408.0 1.35145
116.79999999999764 28.76 408.0 1.35145
116.89999999999763 28.76 408.0 1.35145
116.99999999999763 28.76 408.0 1.35145
117.09999999999762 28.76 408.0 1.35145
117.19999999999762 28.76 408.0 1.35145
117.29999999999761 28.76 408.0 1.38441
117.3999999999976 28.76 408.0 1.38441
117.4999999999976 28.76 481.0 1.38441
117.59999999999759 28.76 481.0 1.38441
117.69999999999759 28.76 481.0 1.38441
117.79999999999758 28.76 481.0 1.38441
117.89999999999758 28.76 481.0 1.38441
117.99999999999757 28.76 481.0 1.38441
118.09999999999756 28.76 481.0 1.38441
118.19999999999756 28.76 481.0 1.38441
118.29999999999755 29.15 481.0 1.38441
118.39999999999755 29.15 481.0 1.38441
118.49999999999754 29.15 481.0 1.38471
118.59999999999754 29.15 481.0 1.38471
118.69999999999753 29.15 481.0 1.38471
118.79999999999752 29.15 481.0 1.38471
118.89999999999752 29.15 502.0 1.38471
118.99999999999751 29.15 502.0 1.38471
119.09999999999751 29.15 502.0 1.38471
119.1999999999975 28.91 502.0 1.38471
119.2999999999975 28.91 502.0 1.3545
119.39999999999749 28.91 502.0 1.3545
119.49999999999748 28.91 502.0 1.3545
119.59999999999748 28.91 502.0 1.3545
119.69999999999747 28.91 502.0 1.3545
119.79999999999747 28.91 502.0 1.3545
119.89999999999746 28.91 502.0 1.3545
