0 26.87 752.0 1.38467
0.1 26.87 752.0 1.38467
0.2 26.87 752.0 1.38467
0.30000000000000004 26.87 752.0 1.38467
0.4 26.87 752.0 1.38467
0.5 26.87 752.0 1.38467
0.6 26.87 752.0 1.38467
0.7 26.87 752.0 1.38467
0.7999999999999999 26.87 752.0 1.38467
0.8999999999999999 26.87 752.0 1.38467
0.9999999999999999 26.87 752.0 1.38467
1.0999999999999999 26.87 752.0 1.38446
1.2 26.87 752.0 1.38446
1.3 27.23 752.0 1.38446
1.4000000000000001 27.23 752.0 1.38446
1.5000000000000002 27.23 752.0 1.38446
1.6000000000000003 27.23 752.0 1.38446
1.7000000000000004 27.23 752.0 1.38446
1.8000000000000005 27.23 752.0 1.38446
1.9000000000000006 27.23 752.0 1.38464
2.0000000000000004 27.23 752.0 1.38464
2.1000000000000005 27.23 752.0 1.38464
2.2000000000000006 27.23 933.0 1.38464
2.3000000000000007 27.23 933.0 1.38464
2.400000000000001 27.23 933.0 1.38464
2.500000000000001 27.23 933.0 1.38464
2.600000000000001 27.23 933.0 1.38464
2.700000000000001 27.23 933.0 1.38464
2.800000000000001 27.23 933.0 1.38464
2.9000000000000012 27.23 933.0 1.38464
3.0000000000000013 27.23 933.0 1.38464
3.1000000000000014 27.23 933.0 1.38464
3.2000000000000015 27.84 933.0 1.3722
3.3000000000000016 27.84 933.0 1.3722
3.4000000000000017 27.84 987.0 1.3722
3.5000000000000018 27.84 987.0 1.3722
3.600000000000002 27.84 987.0 1.3722
3.700000000000002 27.84 987.0 1.3722
3.800000000000002 27.68 987.0 1.3722
3.900000000000002 27.68 987.0 1.3722
4.000000000000002 27.68 987.0 1.35425
4.100000000000001 27.68 987.0 1.35425
4.200000000000001 27.68 987.0 1.35425
4.300000000000001 27.68 987.0 1.35425
4.4 27.58 987.0 1.35425
4.5 27.58 987.0 1.35425
4.6 27.58 992.0 1.35425
4.699999999999999 27.58 992.0 1.35425
4.799999999999999 27.58 992.0 1.34842
4.899999999999999 27.58 992.0 1.34842
4.999999999999998 27.58 992.0 1.34842
5.099999999999998 27.58 992.0 1.34842
5.1999999999999975 27.58 992.0 1.34842
5.299999999999997 27.58 992.0 1.34842
5.399999999999997 27.69 992.0 1.34842
5.4999999999999964 27.69 992.0 1.34842
5.599999999999996 27.69 992.0 1.34842
5.699999999999996 27.69 992.0 1.34842
5.799999999999995 27.69 1044.0 1.34842
5.899999999999995 27.69 1044.0 1.34842
5.999999999999995 27.69 1044.0 1.34842
6.099999999999994 27.69 1044.0 1.37239
6.199999999999994 27.69 1044.0 1.37239
6.299999999999994 27.69 1044.0 1.37239
6.399999999999993 27.69 1044.0 1.37239
6.499999999999993 28.45 1044.0 1.37239
6.5999999999999925 28.45 1044.0 1.37239
6.699999999999992 28.45 1044.0 1.37239
6.799999999999992 28.45 1044.0 1.37239
6.8999999999999915 28.45 1266.0 1.38536
6.999999999999991 28.45 1266.0 1.38536
7.099999999999991 28.45 1266.0 1.38536
7.19999999999999 28.58 1195.0 1.38536
7.29999999999999 28.58 1195.0 1.38536
7.39999999999999 28.58 1195.0 1.38536
7.499999999999989 28.58 1195.0 1.38536
7.599999999999989 28.58 1195.0 1.38536
7.699999999999989 28.58 1195.0 1.38536
7.799999999999988 28.63 1195.0 1.38536
7.899999999999988 28.63 1195.0 1.38536
7.999999999999988 28.63 1195.0 1.38536
8.099999999999987 28.63 1195.0 1.38536
8.199999999999987 28.63 1458.0 1.38536
8.299999999999986 28.63 1458.0 1.38536
8.399999999999986 28.63 1458.0 1.38536
8.499999999999986 28.63 1458.0 1.38536
8.599999999999985 28.63 1458.0 1.38536
8.699999999999985 28.63 1458.0 1.38536
8.799999999999985 28.63 1458.0 1.38536
8.899999999999984 28.37 1458.0 1.38536
8.999999999999984 28.37 1458.0 1.36485
9.099999999999984 28.37 1458.0 1.36485
9.199999999999983 28.37 1330.0 1.36485
9.299999999999983 28.37 1330.0 1.36485
9.399999999999983 28.37 1330.0 1.36485
9.499999999999982 28.37 1330.0 1.36485
9.599999999999982 28.26 1330.0 1.36485
9.699999999999982 28.26 1330.0 1.36485
9.799999999999981 28.26 1330.0 1.34986
9.89999999999998 28.26 1330.0 1.34986
9.99999999999998 28.26 1330.0 1.34986
10.09999999999998 28.19 1266.0 1.34986
10.19999999999998 28.19 1266.0 1.34986
10.29999999999998 28.19 1266.0 1.34986
10.399999999999979 28.19 1266.0 1.34986
10.499999999999979 28.19 1266.0 1.34986
10.599999999999978 28.19 1266.0 1.34986
10.699999999999978 28.31 1266.0 1.34986
10.799999999999978 28.31 1266.0 1.34986
10.899999999999977 28.31 1313.0 1.34986
10.999999999999977 28.31 1313.0 1.34986
11.099999999999977 28.31 1313.0 1.3667
11.199999999999976 28.31 1313.0 1.3667
11.299999999999976 28.52 1313.0 1.3667
11.399999999999975 28.52 1313.0 1.3667
11.499999999999975 28.52 1313.0 1.3667
11.599999999999975 28.52 1416.0 1.3667
11.699999999999974 28.52 1416.0 1.3667
11.799999999999974 28.52 1416.0 1.3667
11.899999999999974 28.52 1416.0 1.38527
11.999999999999973 28.52 1416.0 1.38527
12.099999999999973 28.7 1416.0 1.38527
12.199999999999973 28.7 1416.0 1.38527
12.299999999999972 28.7 1416.0 1.38527
12.399999999999972 28.7 1416.0 1.38527
12.499999999999972 28.7 1416.0 1.38527
12.599999999999971 28.7 1416.0 1.38527
12.69999999999997 28.7 1416.0 1.38527
12.79999999999997 28.7 1416.0 1.38527
12.89999999999997 28.7 1416.0 1.38527
12.99999999999997 28.7 1533.0 1.38527
13.09999999999997 28.7 1533.0 1.3838
13.199999999999969 28.7 1533.0 1.3838
13.299999999999969 28.7 1533.0 1.3838
13.399999999999968 28.7 1533.0 1.3838
13.499999999999968 28.7 1533.0 1.3838
13.599999999999968 28.47 1533.0 1.3838
13.699999999999967 28.47 1533.0 1.3838
13.799999999999967 28.47 1533.0 1.3838
13.899999999999967 28.47 1533.0 1.3838
13.999999999999966 28.47 1432.0 1.35581
14.099999999999966 28.47 1432.0 1.35581
14.199999999999966 28.47 1432.0 1.35581
14.299999999999965 28.47 1432.0 1.35581
14.399999999999965 28.32 1432.0 1.35581
14.499999999999964 28.32 1441.0 1.35581
14.599999999999964 28.32 1441.0 1.35581
14.699999999999964 28.32 1441.0 1.35581
14.799999999999963 28.32 1441.0 1.35581
14.899999999999963 28.32 1441.0 1.35581
14.999999999999963 28.45 1441.0 1.35581
15.099999999999962 28.45 1441.0 1.35581
15.199999999999962 28.45 1441.0 1.35475
15.299999999999962 28.45 1441.0 1.35475
15.399999999999961 28.45 1441.0 1.35475
15.499999999999961 28.45 1512.0 1.35475
15.59999999999996 28.45 1512.0 1.35475
15.69999999999996 28.45 1512.0 1.35475
15.79999999999996 28.45 1512.0 1.35475
15.89999999999996 28.85 1512.0 1.35475
15.99999999999996 28.85 1502.0 1.38599
16.09999999999996 28.85 1502.0 1.38599
16.19999999999996 28.85 1502.0 1.38599
16.29999999999996 28.85 1502.0 1.38599
16.399999999999963 28.85 1502.0 1.38599
16.499999999999964 28.85 1502.0 1.38599
16.599999999999966 28.98 1502.0 1.38599
16.699999999999967 28.98 1542.0 1.38599
16.79999999999997 28.98 1542.0 1.38599
16.89999999999997 28.98 1542.0 1.38602
16.99999999999997 28.98 1542.0 1.38602
17.099999999999973 28.98 1542.0 1.38602
17.199999999999974 28.86 1542.0 1.38602
17.299999999999976 28.86 1542.0 1.38602
17.399999999999977 28.86 1542.0 1.38602
17.49999999999998 28.86 1542.0 1.38602
17.59999999999998 28.86 1542.0 1.38602
17.69999999999998 28.86 1542.0 1.38602
17.799999999999983 28.86 1542.0 1.38602
17.899999999999984 28.86 1542.0 1.38602
17.999999999999986 28.86 1542.0 1.38602
18.099999999999987 28.86 1542.0 1.36204
18.19999999999999 28.56 1542.0 1.36204
18.29999999999999 28.56 1542.0 1.36204
18.39999999999999 28.56 1531.0 1.36204
18.499999999999993 28.56 1531.0 1.36204
18.599999999999994 28.56 1531.0 1.36204
18.699999999999996 28.56 1531.0 1.36204
18.799999999999997 28.47 1531.0 1.36204
18.9 28.47 1531.0 1.35726
19.0 28.47 1531.0 1.35726
19.1 28.47 1531.0 1.35726
19.200000000000003 28.47 1531.0 1.35726
19.300000000000004 28.47 1508.0 1.35726
19.400000000000006 28.47 1508.0 1.35726
19.500000000000007 28.85 1508.0 1.35726
19.60000000000001 28.85 1520.0 1.35726
19.70000000000001 28.85 1520.0 1.35726
19.80000000000001 28.85 1520.0 1.35726
19.900000000000013 28.85 1520.0 1.35726
20.000000000000014 28.85 1520.0 1.35726
20.100000000000016 28.85 1520.0 1.35726
20.200000000000017 28.85 1520.0 1.38525
20.30000000000002 28.85 1520.0 1.38525
20.40000000000002 28.85 1520.0 1.38525
20.50000000000002 28.85 1520.0 1.38525
20.600000000000023 29.48 1520.0 1.38525
20.700000000000024 29.48 1520.0 1.38525
20.800000000000026 29.48 1520.0 1.38525
20.900000000000027 29.48 1520.0 1.38525
21.00000000000003 29.48 1520.0 1.38612
21.10000000000003 29.48 1520.0 1.38612
21.20000000000003 29.52 1520.0 1.38612
21.300000000000033 29.52 1572.0 1.38612
21.400000000000034 29.52 1572.0 1.38612
21.500000000000036 29.52 1572.0 1.38612
21.600000000000037 29.52 1572.0 1.38612
21.70000000000004 29.52 1572.0 1.38612
21.80000000000004 29.35 1572.0 1.38612
21.90000000000004 29.35 1572.0 1.38612
22.000000000000043 29.35 1560.0 1.38612
22.100000000000044 29.35 1560.0 1.38612
22.200000000000045 29.35 1560.0 1.37711
22.300000000000047 29.35 1560.0 1.37711
22.40000000000005 29.35 1560.0 1.37711
22.50000000000005 29.14 1560.0 1.37711
22.60000000000005 29.14 1560.0 1.37711
22.700000000000053 29.14 1560.0 1.37711
22.800000000000054 29.14 1560.0 1.37711
22.900000000000055 29.14 1560.0 1.37711
23.000000000000057 29.14 1560.0 1.35747
23.10000000000006 29.14 1524.0 1.35747
23.20000000000006 29.14 1524.0 1.35747
23.30000000000006 29.14 1524.0 1.35747
23.400000000000063 29.07 1512.0 1.35747
23.500000000000064 29.07 1512.0 1.35747
23.600000000000065 29.07 1512.0 1.35747
23.700000000000067 29.07 1512.0 1.35747
23.800000000000068 29.07 1512.0 1.35747
23.90000000000007 29.07 1512.0 1.35747
24.00000000000007 29.07 1512.0 1.35747
24.100000000000072 29.07 1512.0 1.35747
24.200000000000074 29.72 1512.0 1.37205
24.300000000000075 29.72 1512.0 1.37205
24.400000000000077 29.72 1533.0 1.37205
24.500000000000078 29.72 1533.0 1.37205
24.60000000000008 29.72 1533.0 1.37205
24.70000000000008 29.72 1533.0 1.37205
24.800000000000082 29.72 1533.0 1.37205
24.900000000000084 30.03 1533.0 1.37205
25.000000000000085 30.03 1533.0 1.37205
25.100000000000087 30.03 1533.0 1.38578
25.200000000000088 30.03 1533.0 1.38578
25.30000000000009 30.03 1533.0 1.38578
25.40000000000009 30.03 1533.0 1.38578
25.500000000000092 30.03 1594.0 1.38578
25.600000000000094 30.03 1594.0 1.38578
25.700000000000095 30.03 1594.0 1.38578
25.800000000000097 29.83 1594.0 1.38578
25.900000000000098 29.83 1594.0 1.38203
26.0000000000001 29.83 1594.0 1.38203
26.1000000000001 29.83 1594.0 1.38203
26.200000000000102 29.83 1594.0 1.38203
26.300000000000104 29.83 1594.0 1.38203
26.400000000000105 29.83 1572.0 1.38203
26.500000000000107 29.83 1572.0 1.38203
26.600000000000108 29.83 1572.0 1.38203
26.70000000000011 29.83 1572.0 1.38203
26.80000000000011 29.51 1572.0 1.38203
26.900000000000112 29.51 1572.0 1.38203
27.000000000000114 29.51 1572.0 1.38203
27.100000000000115 29.51 1572.0 1.35801
27.200000000000117 29.51 1572.0 1.35801
27.300000000000118 29.51 1572.0 1.35801
27.40000000000012 29.51 1572.0 1.35801
27.50000000000012 29.51 1572.0 1.35801
27.600000000000122 29.51 1572.0 1.35801
27.700000000000124 29.51 1539.0 1.35801
27.800000000000125 29.51 1539.0 1.35801
27.900000000000126 29.51 1539.0 1.35801
28.000000000000128 29.51 1539.0 1.35677
28.10000000000013 29.51 1539.0 1.35677
28.20000000000013 29.73 1539.0 1.35677
28.300000000000132 29.73 1506.0 1.35677
28.400000000000134 29.73 1506.0 1.35677
28.500000000000135 29.73 1506.0 1.35677
28.600000000000136 29.73 1506.0 1.35677
28.700000000000138 29.73 1506.0 1.35677
28.80000000000014 30.15 1506.0 1.35677
28.90000000000014 30.15 1506.0 1.35677
29.000000000000142 30.15 1506.0 1.35677
29.100000000000144 30.15 1506.0 1.35677
29.200000000000145 30.15 1582.0 1.38527
29.300000000000146 30.15 1582.0 1.38527
29.400000000000148 30.15 1582.0 1.38527
29.50000000000015 30.15 1582.0 1.38527
29.60000000000015 30.15 1582.0 1.38527
29.700000000000152 30.51 1582.0 1.38527
29.800000000000153 30.51 1582.0 1.38527
29.900000000000155 30.51 1582.0 1.38527
30.000000000000156 30.51 1582.0 1.38639
30.100000000000158 30.51 1582.0 1.38639
30.20000000000016 30.51 1582.0 1.38639
30.30000000000016 30.51 1582.0 1.38639
30.400000000000162 30.51 1582.0 1.38639
30.500000000000163 30.51 1606.0 1.38639
30.600000000000165 30.51 1606.0 1.38639
30.700000000000166 30.51 1606.0 1.38639
30.800000000000168 30.51 1606.0 1.38639
30.90000000000017 30.51 1606.0 1.38639
31.00000000000017 30.51 1606.0 1.38639
31.100000000000172 30.51 1606.0 1.38639
31.200000000000173 30.51 1606.0 1.37386
31.300000000000175 30.02 1606.0 1.37386
31.400000000000176 30.02 1606.0 1.37386
31.500000000000178 30.02 1606.0 1.37386
31.60000000000018 30.02 1606.0 1.37386
31.70000000000018 30.02 1582.0 1.37386
31.800000000000182 30.02 1582.0 1.37386
31.900000000000183 30.02 1582.0 1.37386
32.000000000000185 30.02 1582.0 1.37386
32.100000000000186 30.02 1582.0 1.35632
32.20000000000019 29.71 1582.0 1.35632
32.30000000000019 29.71 1582.0 1.35632
32.40000000000019 29.71 1582.0 1.35632
32.50000000000019 29.71 1582.0 1.35632
32.60000000000019 29.71 1582.0 1.35632
32.700000000000195 29.71 1582.0 1.35632
32.800000000000196 29.71 1539.0 1.35632
32.9000000000002 29.71 1539.0 1.38048
33.0000000000002 29.71 1539.0 1.38048
33.1000000000002 30.08 1539.0 1.38048
33.2000000000002 30.08 1539.0 1.38048
33.3000000000002 30.08 1539.0 1.38048
33.400000000000205 30.08 1539.0 1.38048
33.500000000000206 30.08 1539.0 1.38048
33.60000000000021 30.34 1539.0 1.38048
33.70000000000021 30.34 1539.0 1.38048
33.80000000000021 30.34 1539.0 1.38048
33.90000000000021 30.34 1550.0 1.38048
34.00000000000021 30.34 1550.0 1.38048
34.100000000000215 30.34 1550.0 1.38048
34.200000000000216 30.34 1550.0 1.3864
34.30000000000022 30.34 1550.0 1.3864
34.40000000000022 30.46 1550.0 1.3864
34.50000000000022 30.46 1550.0 1.3864
34.60000000000022 30.46 1550.0 1.3864
34.70000000000022 30.46 1550.0 1.3864
34.800000000000225 30.46 1550.0 1.3864
34.900000000000226 30.46 1550.0 1.3864
35.00000000000023 30.46 1550.0 1.38511
35.10000000000023 30.46 1550.0 1.38511
35.20000000000023 30.46 1550.0 1.38511
35.30000000000023 30.46 1599.0 1.38511
35.40000000000023 30.46 1599.0 1.38511
35.500000000000234 30.46 1599.0 1.38511
35.600000000000236 30.46 1599.0 1.38511
35.70000000000024 30.46 1599.0 1.38511
35.80000000000024 30.46 1599.0 1.38511
35.90000000000024 30.46 1599.0 1.38511
36.00000000000024 30.03 1572.0 1.38511
36.10000000000024 30.03 1572.0 1.38511
36.200000000000244 30.03 1572.0 1.36325
36.300000000000246 30.03 1572.0 1.36325
36.40000000000025 30.03 1572.0 1.36325
36.50000000000025 30.03 1572.0 1.36325
36.60000000000025 29.88 1572.0 1.36325
36.70000000000025 29.88 1572.0 1.36325
36.80000000000025 29.88 1555.0 1.36325
36.900000000000254 29.88 1555.0 1.36325
37.000000000000256 29.88 1555.0 1.35814
37.10000000000026 29.88 1555.0 1.35814
37.20000000000026 29.88 1555.0 1.35814
37.30000000000026 29.79 1555.0 1.35814
37.40000000000026 29.79 1555.0 1.35814
37.50000000000026 29.79 1555.0 1.35814
37.600000000000264 29.79 1555.0 1.35814
37.700000000000266 29.79 1555.0 1.35814
37.80000000000027 29.79 1555.0 1.35814
37.90000000000027 29.79 1542.0 1.38534
38.00000000000027 29.79 1542.0 1.38534
38.10000000000027 29.79 1542.0 1.38534
38.20000000000027 29.79 1542.0 1.38534
38.300000000000274 29.79 1542.0 1.38534
38.400000000000276 29.79 1542.0 1.38534
38.50000000000028 30.1 1542.0 1.38534
38.60000000000028 30.1 1542.0 1.38534
38.70000000000028 30.1 1542.0 1.38534
38.80000000000028 30.1 1542.0 1.38534
38.90000000000028 30.1 1542.0 1.38534
39.000000000000284 30.1 1542.0 1.38534
39.100000000000286 30.1 1582.0 1.38599
39.20000000000029 30.1 1582.0 1.38599
39.30000000000029 30.1 1582.0 1.38599
39.40000000000029 30.1 1582.0 1.38599
39.50000000000029 30.1 1582.0 1.38599
39.60000000000029 30.1 1582.0 1.38599
39.700000000000294 29.92 1582.0 1.38599
39.800000000000296 29.92 1582.0 1.38599
39.9000000000003 29.92 1582.0 1.37899
40.0000000000003 29.92 1582.0 1.37899
40.1000000000003 29.92 1559.0 1.37899
40.2000000000003 29.92 1559.0 1.37899
40.3000000000003 29.92 1559.0 1.37899
40.400000000000304 29.92 1559.0 1.37899
40.500000000000306 29.92 1559.0 1.37899
40.60000000000031 29.64 1559.0 1.37899
40.70000000000031 29.64 1559.0 1.37899
40.80000000000031 29.64 1559.0 1.37899
40.90000000000031 29.64 1559.0 1.37899
41.00000000000031 29.64 1559.0 1.37899
41.100000000000314 29.64 1559.0 1.37899
41.200000000000315 29.64 1559.0 1.35834
41.30000000000032 29.64 1559.0 1.35834
41.40000000000032 29.64 1559.0 1.35834
41.50000000000032 29.64 1559.0 1.35834
41.60000000000032 29.64 1559.0 1.35834
41.70000000000032 29.64 1559.0 1.35834
41.800000000000324 29.64 1559.0 1.35834
41.900000000000325 29.65 1559.0 1.35834
42.00000000000033 29.65 1559.0 1.37674
42.10000000000033 29.65 1559.0 1.37674
42.20000000000033 29.65 1559.0 1.37674
42.30000000000033 29.65 1542.0 1.37674
42.40000000000033 29.65 1542.0 1.37674
42.500000000000334 29.65 1542.0 1.37674
42.600000000000335 29.65 1542.0 1.37674
42.70000000000034 30.32 1542.0 1.37674
42.80000000000034 30.32 1550.0 1.37674
42.90000000000034 30.32 1550.0 1.37674
43.00000000000034 30.32 1550.0 1.37674
43.10000000000034 30.32 1550.0 1.37674
43.200000000000344 30.32 1550.0 1.3866
43.300000000000345 30.45 1550.0 1.3866
43.40000000000035 30.45 1550.0 1.3866
43.50000000000035 30.45 1550.0 1.3866
43.60000000000035 30.45 1550.0 1.3866
43.70000000000035 30.45 1550.0 1.3866
43.80000000000035 30.45 1550.0 1.3866
43.900000000000354 30.45 1533.0 1.3866
44.000000000000355 30.45 1533.0 1.3866
44.10000000000036 30.45 1533.0 1.38563
44.20000000000036 30.19 1564.0 1.38563
44.30000000000036 30.19 1564.0 1.38563
44.40000000000036 30.19 1564.0 1.38563
44.50000000000036 30.19 1564.0 1.38563
44.600000000000364 30.19 1564.0 1.38563
44.700000000000365 30.19 1564.0 1.38563
44.80000000000037 30.19 1564.0 1.38563
44.90000000000037 30.19 1564.0 1.36574
45.00000000000037 29.95 1564.0 1.36574
45.10000000000037 29.95 1564.0 1.36574
45.20000000000037 29.95 1555.0 1.36574
45.300000000000374 29.95 1555.0 1.36574
45.400000000000375 29.95 1555.0 1.36574
45.50000000000038 29.95 1555.0 1.36574
45.60000000000038 29.95 1555.0 1.36574
45.70000000000038 29.95 1555.0 1.36574
45.80000000000038 29.95 1555.0 1.36574
45.90000000000038 29.95 1555.0 1.36574
46.000000000000384 29.76 1555.0 1.36574
46.100000000000385 29.76 1555.0 1.35981
46.20000000000039 29.76 1555.0 1.35981
46.30000000000039 29.76 1555.0 1.35981
46.40000000000039 29.76 1520.0 1.35981
46.50000000000039 29.76 1520.0 1.35981
46.60000000000039 29.76 1520.0 1.35981
46.700000000000394 29.76 1520.0 1.35981
46.800000000000395 29.76 1520.0 1.35981
46.9000000000004 30.18 1520.0 1.38198
47.0000000000004 30.18 1520.0 1.38198
47.1000000000004 30.18 1520.0 1.38198
47.2000000000004 30.18 1520.0 1.38198
47.3000000000004 30.18 1520.0 1.38198
47.400000000000404 30.18 1520.0 1.38198
47.500000000000405 30.18 1569.0 1.38198
47.600000000000406 30.18 1569.0 1.38198
47.70000000000041 30.18 1569.0 1.38198
47.80000000000041 30.6 1569.0 1.38198
47.90000000000041 30.6 1582.0 1.38198
48.00000000000041 30.6 1582.0 1.38198
48.10000000000041 30.6 1582.0 1.38198
48.200000000000415 30.6 1582.0 1.38198
48.300000000000416 30.41 1582.0 1.38198
48.40000000000042 30.41 1582.0 1.38198
48.50000000000042 30.41 1582.0 1.38198
48.60000000000042 30.41 1572.0 1.38198
48.70000000000042 30.41 1572.0 1.38198
48.80000000000042 30.41 1572.0 1.38198
48.900000000000425 30.41 1572.0 1.38198
49.000000000000426 30.41 1572.0 1.38198
49.10000000000043 30.11 1572.0 1.38198
49.20000000000043 30.11 1572.0 1.38198
49.30000000000043 30.11 1572.0 1.38311
49.40000000000043 30.11 1572.0 1.38311
49.50000000000043 30.11 1572.0 1.38311
49.600000000000435 30.11 1572.0 1.38311
49.700000000000436 30.11 1572.0 1.38311
49.80000000000044 30.11 1572.0 1.38311
49.90000000000044 30.11 1572.0 1.38311
50.00000000000044 30.11 1542.0 1.38311
50.10000000000044 30.11 1542.0 1.38311
50.20000000000044 30.11 1542.0 1.361
50.300000000000445 30.11 1542.0 1.361
50.400000000000446 30.11 1542.0 1.361
50.50000000000045 30.11 1542.0 1.361
50.60000000000045 30.11 1542.0 1.361
50.70000000000045 30.11 1542.0 1.361
50.80000000000045 29.82 1542.0 1.361
50.90000000000045 29.82 1542.0 1.361
51.000000000000455 29.82 1542.0 1.36863
51.100000000000456 29.82 1542.0 1.36863
51.20000000000046 29.82 1542.0 1.36863
51.30000000000046 29.82 1542.0 1.36863
51.40000000000046 29.82 1542.0 1.36863
51.50000000000046 29.82 1533.0 1.36863
51.60000000000046 29.82 1533.0 1.36863
51.700000000000465 30.06 1533.0 1.36863
51.800000000000466 30.06 1542.0 1.36863
51.90000000000047 30.06 1542.0 1.36863
52.00000000000047 30.06 1542.0 1.36863
52.10000000000047 30.06 1542.0 1.36863
52.20000000000047 30.06 1542.0 1.38474
52.30000000000047 30.06 1542.0 1.38474
52.400000000000475 30.06 1542.0 1.38474
52.500000000000476 30.13 1542.0 1.38474
52.60000000000048 30.13 1542.0 1.38474
52.70000000000048 30.13 1542.0 1.38474
52.80000000000048 30.13 1555.0 1.38474
52.90000000000048 30.13 1555.0 1.38474
53.00000000000048 30.13 1555.0 1.38439
53.100000000000485 30.03 1555.0 1.38439
53.200000000000486 30.03 1569.0 1.38439
53.30000000000049 30.03 1569.0 1.38439
53.40000000000049 30.03 1569.0 1.38439
53.50000000000049 30.03 1569.0 1.38439
53.60000000000049 30.03 1569.0 1.38439
53.70000000000049 29.91 1569.0 1.38439
53.800000000000495 29.91 1569.0 1.38439
53.900000000000496 29.91 1569.0 1.38439
54.0000000000005 29.91 1555.0 1.38439
54.1000000000005 29.91 1555.0 1.38439
54.2000000000005 29.91 1555.0 1.36244
54.3000000000005 29.91 1555.0 1.36244
54.4000000000005 29.77 1555.0 1.36244
54.500000000000504 29.77 1555.0 1.36244
54.600000000000506 29.77 1555.0 1.36244
54.70000000000051 29.77 1546.0 1.36244
54.80000000000051 29.77 1546.0 1.36244
54.90000000000051 29.77 1546.0 1.36244
55.00000000000051 29.77 1546.0 1.3628
55.10000000000051 29.8 1546.0 1.3628
55.200000000000514 29.8 1498.0 1.3628
55.300000000000516 29.8 1498.0 1.3628
55.40000000000052 29.8 1498.0 1.3628
55.50000000000052 30.04 1498.0 1.3628
55.60000000000052 30.04 1498.0 1.3628
55.70000000000052 30.04 1498.0 1.3628
55.80000000000052 30.04 1498.0 1.3628
55.900000000000524 30.04 1498.0 1.3628
56.000000000000526 30.04 1498.0 1.3628
56.10000000000053 30.04 1498.0 1.3628
56.20000000000053 30.2 1498.0 1.3628
56.30000000000053 30.2 1498.0 1.38395
56.40000000000053 30.2 1527.0 1.38395
56.50000000000053 30.2 1527.0 1.38395
56.600000000000534 30.2 1527.0 1.38395
56.700000000000536 30.2 1527.0 1.38395
56.80000000000054 30.13 1527.0 1.38395
56.90000000000054 30.13 1550.0 1.38395
57.00000000000054 30.13 1550.0 1.38395
57.10000000000054 30.13 1550.0 1.38424
57.20000000000054 30.13 1550.0 1.38424
57.300000000000544 30.13 1550.0 1.38424
57.400000000000546 29.97 1550.0 1.38424
57.50000000000055 29.97 1550.0 1.38424
57.60000000000055 29.97 1546.0 1.38424
57.70000000000055 29.97 1546.0 1.38424
57.80000000000055 29.97 1546.0 1.38424
57.90000000000055 29.97 1546.0 1.38424
58.000000000000554 29.97 1546.0 1.38424
58.100000000000556 29.97 1546.0 1.38424
58.20000000000056 29.97 1546.0 1.38424
58.30000000000056 29.7 1546.0 1.36168
58.40000000000056 29.7 1546.0 1.36168
58.50000000000056 29.7 1546.0 1.36168
58.60000000000056 29.7 1520.0 1.36168
58.700000000000564 29.7 1520.0 1.36168
58.800000000000566 29.7 1520.0 1.36168
58.90000000000057 29.7 1520.0 1.36168
59.00000000000057 29.68 1478.0 1.36168
59.10000000000057 29.68 1478.0 1.36538
59.20000000000057 29.68 1478.0 1.36538
59.30000000000057 29.68 1478.0 1.36538
59.400000000000574 29.68 1478.0 1.36538
59.500000000000576 30.11 1478.0 1.36538
59.60000000000058 30.11 1478.0 1.36538
59.70000000000058 30.11 1478.0 1.36538
59.80000000000058 30.11 1498.0 1.36538
59.90000000000058 30.11 1498.0 1.38525
60.00000000000058 30.11 1498.0 1.38525
60.100000000000584 30.11 1498.0 1.38525
60.200000000000585 30.11 1498.0 1.38525
60.30000000000059 30.33 1498.0 1.38525
60.40000000000059 30.33 1498.0 1.38525
60.50000000000059 30.33 1498.0 1.38525
60.60000000000059 30.33 1498.0 1.38525
60.70000000000059 30.33 1498.0 1.38525
60.800000000000594 30.33 1498.0 1.38525
60.900000000000595 30.33 1498.0 1.38525
61.0000000000006 30.33 1498.0 1.38525
61.1000000000006 30.33 1498.0 1.38525
61.2000000000006 30.33 1559.0 1.38309
61.3000000000006 30.33 1559.0 1.38309
61.4000000000006 30.33 1559.0 1.38309
61.500000000000604 30.33 1559.0 1.38309
61.600000000000605 30.33 1559.0 1.38309
61.70000000000061 30.33 1559.0 1.38309
61.80000000000061 30.33 1559.0 1.38309
61.90000000000061 29.87 1524.0 1.38309
62.00000000000061 29.87 1524.0 1.36523
62.10000000000061 29.87 1524.0 1.36523
62.200000000000614 29.87 1524.0 1.36523
62.300000000000615 29.87 1524.0 1.36523
62.40000000000062 29.72 1524.0 1.36523
62.50000000000062 29.72 1524.0 1.36523
62.60000000000062 29.72 1524.0 1.36523
62.70000000000062 29.72 1524.0 1.36523
62.80000000000062 29.72 1524.0 1.36523
62.900000000000624 29.72 1524.0 1.36523
63.000000000000625 29.72 1520.0 1.36523
63.10000000000063 29.72 1520.0 1.36523
63.20000000000063 29.72 1520.0 1.36128
63.30000000000063 29.72 1520.0 1.36128
63.40000000000063 29.72 1520.0 1.36128
63.50000000000063 29.72 1520.0 1.36128
63.600000000000634 30.08 1498.0 1.36128
63.700000000000635 30.08 1498.0 1.36128
63.80000000000064 30.08 1498.0 1.36128
63.90000000000064 30.08 1498.0 1.36128
64.00000000000064 30.08 1498.0 1.36128
64.10000000000063 30.08 1498.0 1.38324
64.20000000000063 30.08 1498.0 1.38324
64.30000000000062 30.46 1498.0 1.38324
64.40000000000062 30.46 1524.0 1.38324
64.50000000000061 30.46 1524.0 1.38324
64.6000000000006 30.46 1524.0 1.38324
64.7000000000006 30.46 1524.0 1.38324
64.8000000000006 30.46 1524.0 1.38324
64.90000000000059 30.66 1524.0 1.38324
65.00000000000058 30.66 1524.0 1.38324
65.10000000000058 30.66 1550.0 1.38324
65.20000000000057 30.66 1550.0 1.38324
65.30000000000057 30.66 1550.0 1.38537
65.40000000000056 30.66 1550.0 1.38537
65.50000000000055 30.66 1550.0 1.38537
65.60000000000055 30.5 1550.0 1.38537
65.70000000000054 30.5 1550.0 1.38537
65.80000000000054 30.5 1550.0 1.38537
65.90000000000053 30.5 1550.0 1.38537
66.00000000000053 30.5 1550.0 1.38537
66.10000000000052 30.5 1550.0 1.37428
66.20000000000051 30.5 1508.0 1.37428
66.30000000000051 30.5 1508.0 1.37428
66.4000000000005 30.5 1508.0 1.37428
66.5000000000005 30.5 1508.0 1.37428
66.60000000000049 30.1 1508.0 1.37428
66.70000000000049 30.1 1508.0 1.37428
66.80000000000048 30.1 1508.0 1.37428
66.90000000000047 30.1 1508.0 1.37428
67.00000000000047 30.1 1542.0 1.37428
67.10000000000046 30.1 1542.0 1.37428
67.20000000000046 30.1 1542.0 1.37428
67.30000000000045 30.1 1542.0 1.35671
67.40000000000045 30.1 1542.0 1.35671
67.50000000000044 30.1 1542.0 1.35671
67.60000000000043 30.12 1542.0 1.35671
67.70000000000043 30.12 1506.0 1.35671
67.80000000000042 30.12 1506.0 1.35671
67.90000000000042 30.12 1506.0 1.35671
68.00000000000041 30.12 1506.0 1.35671
68.1000000000004 30.12 1506.0 1.379
68.2000000000004 30.12 1506.0 1.379
68.3000000000004 30.37 1506.0 1.379
68.40000000000039 30.37 1506.0 1.379
68.50000000000038 30.37 1506.0 1.379
68.60000000000038 30.37 1506.0 1.379
68.70000000000037 30.37 1555.0 1.379
68.80000000000037 30.37 1555.0 1.379
68.90000000000036 30.37 1555.0 1.379
69.00000000000036 30.37 1555.0 1.3861
69.10000000000035 30.46 1555.0 1.3861
69.20000000000034 30.46 1582.0 1.3861
69.30000000000034 30.46 1582.0 1.3861
69.40000000000033 30.46 1582.0 1.3861
69.50000000000033 30.46 1582.0 1.3861
69.60000000000032 30.3 1582.0 1.3861
69.70000000000032 30.3 1582.0 1.3861
69.80000000000031 30.3 1582.0 1.3861
69.9000000000003 30.3 1582.0 1.3861
70.0000000000003 30.3 1582.0 1.3861
70.10000000000029 30.3 1582.0 1.3861
70.20000000000029 30.07 1582.0 1.38217
70.30000000000028 30.07 1582.0 1.38217
70.40000000000028 30.07 1582.0 1.38217
70.50000000000027 30.07 1582.0 1.38217
70.60000000000026 30.07 1582.0 1.38217
70.70000000000026 30.07 1582.0 1.38217
70.80000000000025 30.07 1582.0 1.38217
70.90000000000025 30.07 1582.0 1.38217
71.00000000000024 30.07 1582.0 1.3637
71.10000000000024 30.07 1555.0 1.3637
71.20000000000023 30.07 1555.0 1.3637
71.30000000000022 30.07 1555.0 1.3637
71.40000000000022 30.07 1555.0 1.3637
71.50000000000021 30.07 1555.0 1.3637
71.60000000000021 30.07 1555.0 1.3637
71.7000000000002 30.07 1555.0 1.3637
71.8000000000002 30.07 1555.0 1.3637
71.90000000000019 29.92 1555.0 1.3637
72.00000000000018 29.92 1555.0 1.3637
72.10000000000018 29.92 1555.0 1.3637
72.20000000000017 29.92 1555.0 1.36802
72.30000000000017 29.92 1555.0 1.36802
72.40000000000016 29.92 1555.0 1.36802
72.50000000000016 29.92 1539.0 1.36802
72.60000000000015 29.92 1539.0 1.36802
72.70000000000014 29.92 1539.0 1.36802
72.80000000000014 30.46 1539.0 1.36802
72.90000000000013 30.46 1539.0 1.36802
73.00000000000013 30.46 1539.0 1.36802
73.10000000000012 30.46 1539.0 1.38556
73.20000000000012 30.46 1539.0 1.38556
73.30000000000011 30.46 1539.0 1.38556
73.4000000000001 30.46 1539.0 1.38556
73.5000000000001 30.46 1582.0 1.38556
73.6000000000001 30.46 1582.0 1.38556
73.70000000000009 30.46 1582.0 1.38556
73.80000000000008 30.46 1582.0 1.38556
73.90000000000008 30.46 1582.0 1.38556
74.00000000000007 30.46 1582.0 1.38556
74.10000000000007 30.46 1582.0 1.38556
74.20000000000006 30.46 1582.0 1.38556
74.30000000000005 30.5 1582.0 1.38615
74.40000000000005 30.5 1582.0 1.38615
74.50000000000004 30.5 1582.0 1.38615
74.60000000000004 30.5 1582.0 1.38615
74.70000000000003 30.5 1582.0 1.38615
74.80000000000003 30.5 1582.0 1.38615
74.90000000000002 30.5 1572.0 1.38615
75.00000000000001 30.5 1572.0 1.38615
75.10000000000001 30.5 1572.0 1.37445
75.2 30.09 1572.0 1.37445
75.3 30.09 1572.0 1.37445
75.39999999999999 30.09 1572.0 1.37445
75.49999999999999 30.09 1572.0 1.37445
75.59999999999998 30.09 1572.0 1.37445
75.69999999999997 30.09 1542.0 1.37445
75.79999999999997 30.09 1542.0 1.37445
75.89999999999996 30.09 1542.0 1.36211
75.99999999999996 30.09 1542.0 1.36211
76.09999999999995 30.09 1542.0 1.36211
76.19999999999995 29.87 1542.0 1.36211
76.29999999999994 29.87 1542.0 1.36211
76.39999999999993 29.87 1542.0 1.36211
76.49999999999993 29.87 1542.0 1.36211
76.59999999999992 29.87 1542.0 1.36211
76.69999999999992 29.87 1542.0 1.36211
76.79999999999991 29.87 1542.0 1.36211
76.8999999999999 29.87 1542.0 1.36211
76.9999999999999 29.87 1542.0 1.36211
77.0999999999999 29.87 1539.0 1.36211
77.19999999999989 29.87 1539.0 1.3827
77.29999999999988 29.87 1539.0 1.3827
77.39999999999988 29.87 1539.0 1.3827
77.49999999999987 29.87 1539.0 1.3827
77.59999999999987 29.87 1539.0 1.3827
77.69999999999986 29.87 1539.0 1.3827
77.79999999999986 29.87 1539.0 1.3827
77.89999999999985 30.76 1539.0 1.3827
77.99999999999984 30.76 1539.0 1.38565
78.09999999999984 30.76 1539.0 1.38565
78.19999999999983 30.76 1539.0 1.38565
78.29999999999983 30.76 1539.0 1.38565
78.39999999999982 30.76 1542.0 1.38565
78.49999999999982 30.76 1542.0 1.38565
78.59999999999981 30.76 1542.0 1.38565
78.6999999999998 30.76 1542.0 1.38565
78.7999999999998 30.68 1542.0 1.38565
78.89999999999979 30.68 1542.0 1.38565
78.99999999999979 30.68 1542.0 1.38565
79.09999999999978 30.68 1542.0 1.38565
79.19999999999978 30.68 1542.0 1.37878
79.29999999999977 30.68 1542.0 1.37878
79.39999999999976 30.68 1542.0 1.37878
79.49999999999976 30.68 1564.0 1.37878
79.59999999999975 30.68 1564.0 1.37878
79.69999999999975 30.68 1564.0 1.37878
79.79999999999974 30.68 1564.0 1.37878
79.89999999999974 30.68 1564.0 1.37878
79.99999999999973 30.68 1564.0 1.37878
80.09999999999972 30.68 1564.0 1.35935
80.19999999999972 30.68 1564.0 1.35935
80.29999999999971 30.2 1564.0 1.35935
80.39999999999971 30.2 1564.0 1.35935
80.4999999999997 30.2 1564.0 1.35935
80.5999999999997 30.2 1564.0 1.35935
80.69999999999969 30.2 1564.0 1.35935
80.79999999999968 30.2 1564.0 1.35935
80.89999999999968 30.2 1564.0 1.35935
80.99999999999967 30.2 1432.0 1.35935
81.09999999999967 30.2 1432.0 1.35935
81.19999999999966 30.2 1432.0 1.35935
81.29999999999966 30.07 1432.0 1.37564
81.39999999999965 30.07 1432.0 1.37564
81.49999999999964 30.07 1432.0 1.37564
81.59999999999964 30.07 1432.0 1.37564
81.69999999999963 30.07 1432.0 1.37564
81.79999999999963 30.07 1432.0 1.37564
81.89999999999962 30.07 1555.0 1.37564
81.99999999999962 30.07 1555.0 1.37564
82.09999999999961 30.07 1555.0 1.38533
82.1999999999996 30.07 1555.0 1.38533
82.2999999999996 30.07 1555.0 1.38533
82.3999999999996 30.35 1555.0 1.38533
82.49999999999959 30.35 1555.0 1.38533
82.59999999999958 30.35 1555.0 1.38533
82.69999999999958 30.35 1555.0 1.38533
82.79999999999957 30.35 1555.0 1.38533
82.89999999999957 30.35 1555.0 1.38533
82.99999999999956 30.35 1555.0 1.38483
83.09999999999955 30.35 1578.0 1.38483
83.19999999999955 30.35 1578.0 1.38483
83.29999999999954 30.35 1578.0 1.38483
83.39999999999954 30.35 1578.0 1.38483
83.49999999999953 30.35 1578.0 1.38483
83.59999999999953 30.35 1578.0 1.38483
83.69999999999952 30.35 1578.0 1.38483
83.79999999999951 30.0 1578.0 1.38483
83.89999999999951 30.0 1578.0 1.38483
83.9999999999995 30.0 1578.0 1.38483
84.0999999999995 30.0 1578.0 1.38483
84.19999999999949 30.0 1564.0 1.36591
84.29999999999949 30.0 1564.0 1.36591
84.39999999999948 30.0 1564.0 1.36591
84.49999999999947 30.0 1564.0 1.36591
84.59999999999947 30.0 1564.0 1.36591
84.69999999999946 29.77 1564.0 1.36591
84.79999999999946 29.77 1564.0 1.36591
84.89999999999945 29.77 1512.0 1.36591
84.99999999999945 29.77 1512.0 1.36111
85.09999999999944 29.77 1512.0 1.36111
85.19999999999943 29.77 1512.0 1.36111
85.29999999999943 29.77 1512.0 1.36111
85.39999999999942 29.77 1512.0 1.36111
85.49999999999942 29.77 1512.0 1.36111
85.59999999999941 29.77 1512.0 1.36111
85.6999999999994 29.77 1512.0 1.36111
85.7999999999994 29.77 1512.0 1.36111
85.8999999999994 29.77 1512.0 1.36111
85.99999999999939 30.12 1512.0 1.36111
86.09999999999938 30.12 1533.0 1.36111
86.19999999999938 30.12 1533.0 1.38525
86.29999999999937 30.12 1533.0 1.38525
86.39999999999937 30.12 1533.0 1.38525
86.49999999999936 30.27 1533.0 1.38525
86.59999999999935 30.27 1542.0 1.38525
86.69999999999935 30.27 1542.0 1.38525
86.79999999999934 30.27 1542.0 1.38525
86.89999999999934 30.27 1542.0 1.38525
86.99999999999933 30.27 1542.0 1.38525
87.09999999999933 30.24 1542.0 1.38597
87.19999999999932 30.24 1542.0 1.38597
87.29999999999932 30.24 1542.0 1.38597
87.39999999999931 30.24 1542.0 1.38597
87.4999999999993 30.24 1542.0 1.38597
87.5999999999993 30.24 1542.0 1.38597
87.69999999999929 30.24 1542.0 1.38597
87.79999999999929 30.24 1542.0 1.38597
87.89999999999928 30.24 1542.0 1.38597
87.99999999999928 30.24 1564.0 1.38597
88.09999999999927 30.24 1564.0 1.38597
88.19999999999926 30.24 1564.0 1.38597
88.29999999999926 30.24 1564.0 1.36859
88.39999999999925 30.24 1564.0 1.36859
88.49999999999925 30.24 1564.0 1.36859
88.59999999999924 30.24 1564.0 1.36859
88.69999999999924 30.24 1564.0 1.36859
88.79999999999923 29.79 1564.0 1.36859
88.89999999999922 29.79 1564.0 1.36859
88.99999999999922 29.79 1564.0 1.36859
89.09999999999921 29.79 1564.0 1.35882
89.1999999999992 29.79 1564.0 1.35882
89.2999999999992 29.79 1512.0 1.35882
89.3999999999992 29.79 1512.0 1.35882
89.49999999999919 29.79 1512.0 1.35882
89.59999999999918 29.79 1512.0 1.35882
89.69999999999918 29.79 1512.0 1.35882
89.79999999999917 29.98 1512.0 1.35882
89.89999999999917 29.98 1512.0 1.35882
89.99999999999916 29.98 1512.0 1.38496
90.09999999999916 29.98 1512.0 1.38496
90.19999999999915 29.98 1512.0 1.38496
90.29999999999914 29.98 1512.0 1.38496
90.39999999999914 29.98 1512.0 1.38496
90.49999999999913 29.98 1512.0 1.38496
90.59999999999913 29.98 1512.0 1.38496
90.69999999999912 29.98 1546.0 1.38496
90.79999999999912 29.98 1546.0 1.38496
90.89999999999911 29.98 1546.0 1.38496
90.9999999999991 29.98 1546.0 1.38496
91.0999999999991 29.98 1546.0 1.38496
91.1999999999991 29.98 1546.0 1.38583
91.29999999999909 29.98 1546.0 1.38583
91.39999999999908 29.98 1546.0 1.38583
91.49999999999908 30.39 1546.0 1.38583
91.59999999999907 30.39 1546.0 1.38583
91.69999999999906 30.39 1546.0 1.38583
91.79999999999906 30.39 1546.0 1.38583
91.89999999999905 30.39 1546.0 1.38583
91.99999999999905 30.39 1546.0 1.38583
92.09999999999904 30.39 1555.0 1.38583
92.19999999999904 30.39 1555.0 1.38583
92.29999999999903 29.96 1555.0 1.38583
92.39999999999903 29.96 1546.0 1.38583
92.49999999999902 29.96 1546.0 1.38583
92.59999999999901 29.96 1546.0 1.38583
92.69999999999901 29.96 1546.0 1.38583
92.799999999999 29.82 1546.0 1.38583
92.899999999999 29.82 1527.0 1.38583
92.99999999999899 29.82 1527.0 1.38583
93.09999999999899 29.82 1527.0 1.38583
93.19999999999898 29.82 1527.0 1.35912
93.29999999999897 29.82 1527.0 1.35912
93.39999999999897 29.76 1527.0 1.35912
93.49999999999896 29.76 1527.0 1.35912
93.59999999999896 29.76 1527.0 1.35912
93.69999999999895 29.76 1527.0 1.35912
93.79999999999895 29.76 1527.0 1.35912
93.89999999999894 29.76 1527.0 1.35912
93.99999999999893 29.76 1527.0 1.37928
94.09999999999893 29.76 1527.0 1.37928
94.19999999999892 29.76 1527.0 1.37928
94.29999999999892 29.76 1524.0 1.37928
94.39999999999891 29.76 1524.0 1.37928
94.4999999999989 29.76 1524.0 1.37928
94.5999999999989 29.76 1524.0 1.37928
94.6999999999989 29.76 1524.0 1.37928
94.79999999999889 29.76 1524.0 1.37928
94.89999999999888 29.76 1524.0 1.37928
94.99999999999888 29.76 1524.0 1.37928
95.09999999999887 30.55 1524.0 1.37928
95.19999999999887 30.55 1524.0 1.37928
95.29999999999886 30.55 1524.0 1.38574
95.39999999999885 30.55 1524.0 1.38574
95.49999999999885 30.55 1524.0 1.38574
95.59999999999884 30.55 1524.0 1.38574
95.69999999999884 30.55 1564.0 1.38574
95.79999999999883 30.55 1564.0 1.38574
95.89999999999883 30.55 1564.0 1.38574
95.99999999999882 30.33 1564.0 1.38574
96.09999999999881 30.33 1564.0 1.38171
96.19999999999881 30.33 1564.0 1.38171
96.2999999999988 30.33 1564.0 1.38171
96.3999999999988 30.33 1564.0 1.38171
96.49999999999879 30.33 1564.0 1.38171
96.59999999999879 30.33 1564.0 1.38171
96.69999999999878 30.33 1550.0 1.38171
96.79999999999878 30.33 1550.0 1.38171
96.89999999999877 30.33 1550.0 1.38171
96.99999999999876 30.33 1550.0 1.38171
97.09999999999876 30.33 1550.0 1.38171
97.19999999999875 29.89 1550.0 1.38171
97.29999999999875 29.89 1550.0 1.3607
97.39999999999874 29.89 1550.0 1.3607
97.49999999999874 29.89 1550.0 1.3607
97.59999999999873 29.89 1550.0 1.3607
97.69999999999872 29.89 1550.0 1.3607
97.79999999999872 29.89 1502.0 1.3607
97.89999999999871 29.89 1502.0 1.3607
97.9999999999987 29.89 1502.0 1.3607
98.0999999999987 30.09 1502.0 1.36807
98.1999999999987 30.09 1495.0 1.36807
98.29999999999869 30.09 1495.0 1.36807
98.39999999999868 30.09 1495.0 1.36807
98.49999999999868 30.09 1495.0 1.36807
98.59999999999867 30.37 1495.0 1.36807
98.69999999999867 30.37 1520.0 1.36807
98.79999999999866 30.37 1520.0 1.36807
98.89999999999866 30.37 1520.0 1.36807
98.99999999999865 30.37 1520.0 1.36807
99.09999999999864 30.37 1520.0 1.36807
99.19999999999864 30.6 1520.0 1.36807
99.29999999999863 30.6 1520.0 1.38546
99.39999999999863 30.6 1550.0 1.38546
99.49999999999862 30.6 1550.0 1.38546
99.59999999999862 30.6 1550.0 1.38546
99.69999999999861 30.6 1550.0 1.38546
99.7999999999986 30.6 1550.0 1.38546
99.8999999999986 30.6 1555.0 1.38546
99.9999999999986 30.6 1555.0 1.38546
100.09999999999859 30.6 1555.0 1.38546
100.19999999999858 30.6 1555.0 1.38557
100.29999999999858 30.4 1555.0 1.38557
100.39999999999857 30.4 1539.0 1.38557
100.49999999999856 30.4 1539.0 1.38557
100.59999999999856 30.4 1539.0 1.38557
100.69999999999855 30.4 1539.0 1.38557
100.79999999999855 30.4 1539.0 1.38557
100.89999999999854 30.12 1539.0 1.38557
100.99999999999854 30.12 1539.0 1.38557
101.09999999999853 30.12 1539.0 1.38557
101.19999999999852 30.12 1539.0 1.38557
101.29999999999852 30.12 1539.0 1.38557
101.39999999999851 30.12 1539.0 1.36437
101.49999999999851 30.12 1539.0 1.36437
101.5999999999985 30.12 1539.0 1.36437
101.6999999999985 30.12 1539.0 1.36437
101.79999999999849 30.12 1498.0 1.36437
101.89999999999849 30.12 1498.0 1.36437
101.99999999999848 30.12 1498.0 1.36437
102.09999999999847 30.12 1498.0 1.36437
102.19999999999847 30.25 1498.0 1.36571
102.29999999999846 30.25 1506.0 1.36571
102.39999999999846 30.25 1506.0 1.36571
102.49999999999845 30.25 1506.0 1.36571
102.59999999999845 30.25 1506.0 1.36571
102.69999999999844 30.25 1506.0 1.36571
102.79999999999843 30.25 1506.0 1.36571
102.89999999999843 30.25 1506.0 1.36571
102.99999999999842 30.25 1506.0 1.36571
103.09999999999842 30.77 1506.0 1.38536
103.19999999999841 30.77 1506.0 1.38536
103.2999999999984 30.77 1542.0 1.38536
103.3999999999984 30.77 1542.0 1.38536
103.4999999999984 30.77 1542.0 1.38536
103.59999999999839 30.77 1542.0 1.38536
103.69999999999838 30.77 1542.0 1.38536
103.79999999999838 30.83 1542.0 1.38536
103.89999999999837 30.83 1542.0 1.38536
103.99999999999837 30.83 1542.0 1.38536
104.09999999999836 30.83 1542.0 1.38536
104.19999999999835 30.83 1542.0 1.38536
104.29999999999835 30.83 1559.0 1.38584
104.39999999999834 30.83 1559.0 1.38584
104.49999999999834 30.83 1559.0 1.38584
104.59999999999833 30.83 1559.0 1.38584
104.69999999999833 30.48 1559.0 1.38584
104.79999999999832 30.48 1559.0 1.38584
104.89999999999831 30.48 1559.0 1.38584
104.99999999999831 30.48 1559.0 1.38584
105.0999999999983 30.48 1559.0 1.37122
105.1999999999983 30.48 1559.0 1.37122
105.29999999999829 30.48 1559.0 1.37122
105.39999999999829 30.48 1539.0 1.37122
105.49999999999828 30.48 1539.0 1.37122
105.59999999999827 30.48 1539.0 1.37122
105.69999999999827 30.48 1539.0 1.37122
105.79999999999826 30.48 1539.0 1.37122
105.89999999999826 30.48 1539.0 1.37122
105.99999999999825 30.48 1539.0 1.37122
106.09999999999825 30.48 1539.0 1.37122
106.19999999999824 30.48 1539.0 1.37122
106.29999999999824 30.12 1539.0 1.37122
106.39999999999823 30.12 1539.0 1.35885
106.49999999999822 30.12 1539.0 1.35885
106.59999999999822 30.12 1539.0 1.35885
106.69999999999821 30.12 1539.0 1.35885
106.7999999999982 30.12 1539.0 1.35885
106.8999999999982 30.12 1506.0 1.35885
106.9999999999982 30.12 1506.0 1.35885
107.09999999999819 30.37 1506.0 1.35885
107.19999999999818 30.37 1506.0 1.38299
107.29999999999818 30.37 1506.0 1.38299
107.39999999999817 30.37 1506.0 1.38299
107.49999999999817 30.37 1506.0 1.38299
107.59999999999816 30.37 1506.0 1.38299
107.69999999999816 30.37 1506.0 1.38299
107.79999999999815 30.37 1506.0 1.38299
107.89999999999814 30.37 1546.0 1.38299
107.99999999999814 30.37 1546.0 1.3865
108.09999999999813 30.37 1546.0 1.3865
108.19999999999813 30.37 1546.0 1.3865
108.29999999999812 30.37 1546.0 1.3865
108.39999999999812 30.37 1546.0 1.3865
108.49999999999811 30.37 1546.0 1.3865
108.5999999999981 30.37 1546.0 1.3865
108.6999999999981 30.34 1546.0 1.3865
108.7999999999981 30.34 1546.0 1.3865
108.89999999999809 30.34 1546.0 1.3865
108.99999999999808 30.34 1546.0 1.3865
109.09999999999808 30.34 1546.0 1.3865
109.19999999999807 30.34 1546.0 1.3865
109.29999999999806 30.34 1524.0 1.37939
109.39999999999806 30.34 1524.0 1.37939
109.49999999999805 30.06 1524.0 1.37939
109.59999999999805 30.06 1516.0 1.37939
109.69999999999804 30.06 1516.0 1.37939
109.79999999999804 30.06 1516.0 1.37939
109.89999999999803 30.06 1516.0 1.37939
109.99999999999802 30.06 1516.0 1.37939
110.09999999999802 30.06 1516.0 1.35877
110.19999999999801 30.06 1516.0 1.35877
110.29999999999801 30.06 1516.0 1.35877
110.399999999998 30.01 1516.0 1.35877
110.499999999998 30.01 1516.0 1.35877
110.59999999999799 30.01 1385.0 1.35877
110.69999999999798 30.01 1385.0 1.35877
110.79999999999798 30.01 1385.0 1.35877
110.89999999999797 30.01 1385.0 1.35877
110.99999999999797 30.25 1385.0 1.35877
111.09999999999796 30.25 1491.0 1.35877
111.19999999999796 30.25 1491.0 1.35877
111.29999999999795 30.25 1491.0 1.38271
111.39999999999795 30.25 1491.0 1.38271
111.49999999999794 30.25 1491.0 1.38271
111.59999999999793 30.41 1491.0 1.38271
111.69999999999793 30.41 1491.0 1.38271
111.79999999999792 30.41 1495.0 1.38271
111.89999999999792 30.41 1495.0 1.38271
111.99999999999791 30.41 1495.0 1.38271
112.0999999999979 30.41 1495.0 1.38271
112.1999999999979 30.54 1495.0 1.38556
112.2999999999979 30.54 1539.0 1.38556
112.39999999999789 30.54 1539.0 1.38556
112.49999999999788 30.54 1539.0 1.38556
112.59999999999788 30.54 1539.0 1.38556
112.69999999999787 30.36 1533.0 1.38556
112.79999999999787 30.36 1533.0 1.38556
112.89999999999786 30.36 1533.0 1.38556
112.99999999999785 30.36 1533.0 1.38556
113.09999999999785 30.36 1533.0 1.38556
113.19999999999784 30.36 1533.0 1.38556
113.29999999999784 30.36 1533.0 1.38556
113.39999999999783 30.13 1533.0 1.37992
113.49999999999783 30.13 1533.0 1.37992
113.59999999999782 30.13 1533.0 1.37992
113.69999999999781 30.13 1531.0 1.37992
113.79999999999781 30.13 1531.0 1.37992
113.8999999999978 30.13 1531.0 1.37992
113.9999999999978 30.13 1531.0 1.37992
114.09999999999779 30.13 1531.0 1.37992
114.19999999999779 30.13 1531.0 1.35991
114.29999999999778 29.92 1531.0 1.35991
114.39999999999777 29.92 1491.0 1.35991
114.49999999999777 29.92 1491.0 1.35991
114.59999999999776 29.92 1491.0 1.35991
114.69999999999776 29.92 1491.0 1.35991
114.79999999999775 29.92 1491.0 1.35991
114.89999999999775 29.92 1491.0 1.35991
114.99999999999774 29.92 1491.0 1.35991
115.09999999999773 29.92 1491.0 1.35991
115.19999999999773 29.92 1491.0 1.35991
115.29999999999772 29.92 1491.0 1.35991
115.39999999999772 29.92 1491.0 1.3717
115.49999999999771 30.34 1491.0 1.3717
115.5999999999977 30.34 1502.0 1.3717
115.6999999999977 30.34 1502.0 1.3717
115.7999999999977 30.34 1502.0 1.3717
115.89999999999769 30.34 1502.0 1.3717
115.99999999999768 30.34 1502.0 1.3717
116.09999999999768 30.47 1502.0 1.3717
116.19999999999767 30.47 1502.0 1.3717
116.29999999999767 30.47 1502.0 1.3854
116.39999999999766 30.47 1502.0 1.3854
116.49999999999766 30.47 1502.0 1.3854
116.59999999999765 30.47 1502.0 1.3854
116.69999999999764 30.47 1498.0 1.3854
116.79999999999764 30.47 1498.0 1.3854
116.89999999999763 30.47 1498.0 1.3854
116.99999999999763 30.47 1498.0 1.3854
117.09999999999762 30.27 1498.0 1.37924
117.19999999999762 30.27 1498.0 1.37924
117.29999999999761 30.27 1498.0 1.37924
117.3999999999976 30.27 1498.0 1.37924
117.4999999999976 30.27 1498.0 1.37924
117.59999999999759 30.27 1498.0 1.37924
117.69999999999759 30.27 1498.0 1.37924
117.79999999999758 30.27 1498.0 1.37924
117.89999999999758 30.27 1531.0 1.37924
117.99999999999757 30.27 1531.0 1.37924
118.09999999999756 30.27 1531.0 1.37924
118.19999999999756 30.27 1531.0 1.37924
118.29999999999755 29.96 1531.0 1.35766
118.39999999999755 29.96 1531.0 1.35766
118.49999999999754 29.96 1531.0 1.35766
118.59999999999754 29.96 1531.0 1.35766
118.69999999999753 29.96 1531.0 1.35766
118.79999999999752 29.96 1531.0 1.35766
118.89999999999752 29.96 1356.0 1.35766
118.99999999999751 29.96 1356.0 1.35766
119.09999999999751 29.96 1356.0 1.35766
119.1999999999975 29.96 1356.0 1.38307
119.2999999999975 30.53 1356.0 1.38307
119.39999999999749 30.53 1356.0 1.38307
119.49999999999748 30.53 1356.0 1.38307
119.59999999999748 30.53 1356.0 1.38307
119.69999999999747 30.53 1356.0 1.38307
119.79999999999747 30.53 1356.0 1.38307
119.89999999999746 30.53 1356.0 1.38307
